t_index	avg_L2_error	std_L2_error	avg_relative_error	std_relative_error
0	4.040796e-03	2.511625e-03	7.974329e-02	2.629000e-02
1	2.732295e-03	1.201555e-03	7.110942e-02	2.259933e-02
2	2.393909e-03	5.900194e-04	7.085941e-02	2.153008e-02
3	2.502179e-03	4.754914e-04	7.560910e-02	2.358544e-02
4	2.748199e-03	4.369861e-04	8.194001e-02	2.545162e-02
5	3.038621e-03	4.175175e-04	8.852698e-02	2.686408e-02
6	3.378629e-03	3.878402e-04	9.539773e-02	2.765964e-02
7	3.740933e-03	3.773400e-04	1.021165e-01	2.813798e-02
8	4.120353e-03	3.958489e-04	1.086462e-01	2.873435e-02
9	4.493618e-03	4.162889e-04	1.145763e-01	2.884278e-02
10	4.851598e-03	4.461284e-04	1.198173e-01	2.856512e-02
11	5.224986e-03	4.781192e-04	1.249514e-01	2.896769e-02
12	5.595896e-03	5.063283e-04	1.296963e-01	2.958527e-02
13	5.961643e-03	5.406924e-04	1.340523e-01	3.047074e-02
14	6.317322e-03	5.788517e-04	1.379505e-01	3.129698e-02
15	6.647448e-03	6.125198e-04	1.412151e-01	3.166772e-02
16	6.936937e-03	6.454238e-04	1.437470e-01	3.156455e-02
17	7.187246e-03	6.892370e-04	1.456654e-01	3.127948e-02
18	7.401402e-03	7.452654e-04	1.470719e-01	3.092706e-02
19	7.599849e-03	7.802648e-04	1.482152e-01	3.037995e-02
20	7.774081e-03	8.087128e-04	1.490511e-01	2.973855e-02
21	7.921001e-03	8.361692e-04	1.495847e-01	2.905465e-02
22	8.041051e-03	8.628478e-04	1.498496e-01	2.834906e-02
23	8.134883e-03	8.885025e-04	1.498756e-01	2.763455e-02
24	8.203392e-03	9.128573e-04	1.496899e-01	2.692099e-02
25	8.247642e-03	9.356680e-04	1.493168e-01	2.621599e-02
26	8.268795e-03	9.566975e-04	1.487779e-01	2.552474e-02
27	8.268076e-03	9.757065e-04	1.480921e-01	2.485040e-02
28	8.246739e-03	9.924461e-04	1.472756e-01	2.419436e-02
29	8.206053e-03	1.006650e-03	1.463428e-01	2.355656e-02
30	8.147235e-03	1.017963e-03	1.453053e-01	2.293498e-02
31	8.071330e-03	1.025768e-03	1.441718e-01	2.232420e-02
32	7.978892e-03	1.028710e-03	1.429451e-01	2.171078e-02
33	7.868680e-03	1.022689e-03	1.416103e-01	2.105348e-02
34	7.735780e-03	9.979558e-04	1.401171e-01	2.025417e-02
35	7.606472e-03	9.928241e-04	1.387064e-01	1.969616e-02
36	7.468784e-03	9.870860e-04	1.372609e-01	1.917264e-02
37	7.323562e-03	9.801656e-04	1.357832e-01	1.867572e-02
38	7.171894e-03	9.719311e-04	1.342782e-01	1.820201e-02
39	7.014889e-03	9.623616e-04	1.327511e-01	1.774923e-02
40	6.853632e-03	9.514871e-04	1.312070e-01	1.731561e-02
41	6.689169e-03	9.393670e-04	1.296508e-01	1.689971e-02
42	6.522500e-03	9.260803e-04	1.280873e-01	1.650030e-02
43	6.354574e-03	9.117202e-04	1.265214e-01	1.611633e-02
44	6.186286e-03	8.963903e-04	1.249575e-01	1.574691e-02
45	6.018478e-03	8.802027e-04	1.234003e-01	1.539132e-02
46	5.851937e-03	8.632758e-04	1.218542e-01	1.504893e-02
47	5.687392e-03	8.457333e-04	1.203236e-01	1.471929e-02
48	5.525521e-03	8.277034e-04	1.188130e-01	1.440209e-02
49	5.366947e-03	8.093177e-04	1.173267e-01	1.409715e-02
50	5.212241e-03	7.907109e-04	1.158690e-01	1.380444e-02
51	5.061923e-03	7.720202e-04	1.144442e-01	1.352409e-02
52	4.916463e-03	7.533851e-04	1.130568e-01	1.325641e-02
53	4.776283e-03	7.349469e-04	1.117108e-01	1.300183e-02
54	4.641758e-03	7.168486e-04	1.104106e-01	1.276100e-02
55	4.513220e-03	6.992340e-04	1.091603e-01	1.253470e-02
56	4.390955e-03	6.822479e-04	1.079639e-01	1.232387e-02
57	4.275210e-03	6.660346e-04	1.068254e-01	1.212960e-02
58	4.166191e-03	6.507374e-04	1.057485e-01	1.195312e-02
59	4.064068e-03	6.364971e-04	1.047367e-01	1.179573e-02
60	3.968972e-03	6.234506e-04	1.037935e-01	1.165882e-02
61	3.881001e-03	6.117285e-04	1.029218e-01	1.154376e-02
62	3.800221e-03	6.014529e-04	1.021244e-01	1.145190e-02
63	3.726665e-03	5.927349e-04	1.014036e-01	1.138449e-02
64	3.660336e-03	5.856717e-04	1.007613e-01	1.134260e-02
65	3.601211e-03	5.803442e-04	1.001991e-01	1.132708e-02
66	3.549238e-03	5.768142e-04	9.971786e-02	1.133852e-02
67	3.504342e-03	5.751229e-04	9.931809e-02	1.137716e-02
68	3.466423e-03	5.752898e-04	9.899969e-02	1.144291e-02
69	3.435359e-03	5.773123e-04	9.876201e-02	1.153530e-02
70	3.411006e-03	5.811667e-04	9.860383e-02	1.165352e-02
71	3.393203e-03	5.868100e-04	9.852336e-02	1.179642e-02
72	3.381768e-03	5.941816e-04	9.851823e-02	1.196255e-02
73	3.376504e-03	6.032071e-04	9.858555e-02	1.215021e-02
74	3.377198e-03	6.138006e-04	9.872191e-02	1.235753e-02
75	3.383621e-03	6.258682e-04	9.892343e-02	1.258246e-02
76	3.395533e-03	6.393109e-04	9.918579e-02	1.282289e-02
77	3.412682e-03	6.540273e-04	9.950429e-02	1.307667e-02
78	3.434803e-03	6.699151e-04	9.987391e-02	1.334162e-02
79	3.461623e-03	6.868735e-04	1.002894e-01	1.361565e-02
80	3.492862e-03	7.048042e-04	1.007451e-01	1.389670e-02
81	3.528229e-03	7.236119e-04	1.012356e-01	1.418279e-02
82	3.567431e-03	7.432051e-04	1.017549e-01	1.447208e-02
83	3.610167e-03	7.634962e-04	1.022975e-01	1.476279e-02
84	3.656133e-03	7.844017e-04	1.028574e-01	1.505330e-02
85	3.705021e-03	8.058417e-04	1.034290e-01	1.534207e-02
86	3.756524e-03	8.277400e-04	1.040068e-01	1.562769e-02
87	3.810330e-03	8.500235e-04	1.045854e-01	1.590888e-02
88	3.866131e-03	8.726222e-04	1.051596e-01	1.618443e-02
89	3.923617e-03	8.954686e-04	1.057244e-01	1.645328e-02
90	3.982481e-03	9.184976e-04	1.062750e-01	1.671445e-02
91	4.042421e-03	9.416461e-04	1.068071e-01	1.696706e-02
92	4.103135e-03	9.648527e-04	1.073166e-01	1.721032e-02
93	4.164329e-03	9.880576e-04	1.077996e-01	1.744354e-02
94	4.225712e-03	1.011203e-03	1.082526e-01	1.766612e-02
95	4.287001e-03	1.034230e-03	1.086724e-01	1.787752e-02
96	4.347919e-03	1.057085e-03	1.090562e-01	1.807730e-02
97	4.408197e-03	1.079711e-03	1.094014e-01	1.826508e-02
98	4.467574e-03	1.102056e-03	1.097059e-01	1.844057e-02
99	4.525799e-03	1.124066e-03	1.099676e-01	1.860353e-02
100	4.582630e-03	1.145689e-03	1.101850e-01	1.875378e-02
101	4.637834e-03	1.166875e-03	1.103567e-01	1.889121e-02
102	4.691191e-03	1.187575e-03	1.104818e-01	1.901578e-02
103	4.742490e-03	1.207741e-03	1.105593e-01	1.912747e-02
104	4.791534e-03	1.227324e-03	1.105888e-01	1.922632e-02
105	4.838134e-03	1.246281e-03	1.105699e-01	1.931243e-02
106	4.882117e-03	1.264566e-03	1.105025e-01	1.938592e-02
107	4.923320e-03	1.282138e-03	1.103868e-01	1.944696e-02
108	4.961594e-03	1.298956e-03	1.102229e-01	1.949573e-02
109	4.996803e-03	1.314982e-03	1.100113e-01	1.953247e-02
110	5.028822e-03	1.330178e-03	1.097527e-01	1.955742e-02
111	5.057541e-03	1.344509e-03	1.094477e-01	1.957085e-02
112	5.082862e-03	1.357944e-03	1.090972e-01	1.957305e-02
113	5.104701e-03	1.370451e-03	1.087021e-01	1.956432e-02
114	5.122986e-03	1.382003e-03	1.082636e-01	1.954499e-02
115	5.137659e-03	1.392575e-03	1.077827e-01	1.951536e-02
116	5.148672e-03	1.402143e-03	1.072608e-01	1.947578e-02
117	5.155993e-03	1.410686e-03	1.066989e-01	1.942658e-02
118	5.159600e-03	1.418188e-03	1.060986e-01	1.936811e-02
119	5.159485e-03	1.424632e-03	1.054611e-01	1.930069e-02
120	5.155648e-03	1.430007e-03	1.047879e-01	1.922468e-02
121	5.148105e-03	1.434302e-03	1.040803e-01	1.914040e-02
122	5.136879e-03	1.437511e-03	1.033399e-01	1.904820e-02
123	5.122006e-03	1.439630e-03	1.025681e-01	1.894840e-02
124	5.103532e-03	1.440656e-03	1.017664e-01	1.884132e-02
125	5.081512e-03	1.440591e-03	1.009362e-01	1.872727e-02
126	5.056010e-03	1.439439e-03	1.000791e-01	1.860658e-02
127	5.027100e-03	1.437205e-03	9.919641e-02	1.847953e-02
128	4.994863e-03	1.433898e-03	9.828969e-02	1.834641e-02
129	4.959388e-03	1.429530e-03	9.736035e-02	1.820751e-02
130	4.920771e-03	1.424113e-03	9.640980e-02	1.806309e-02
131	4.879116e-03	1.417663e-03	9.543946e-02	1.791342e-02
132	4.834531e-03	1.410197e-03	9.445069e-02	1.775874e-02
133	4.787131e-03	1.401736e-03	9.344486e-02	1.759930e-02
134	4.737034e-03	1.392302e-03	9.242330e-02	1.743534e-02
135	4.684365e-03	1.381918e-03	9.138730e-02	1.726707e-02
136	4.629250e-03	1.370611e-03	9.033814e-02	1.709472e-02
137	4.571820e-03	1.358408e-03	8.927705e-02	1.691851e-02
138	4.512207e-03	1.345340e-03	8.820526e-02	1.673865e-02
139	4.450549e-03	1.331438e-03	8.712394e-02	1.655533e-02
140	4.386981e-03	1.316735e-03	8.603425e-02	1.636877e-02
141	4.321643e-03	1.301265e-03	8.493732e-02	1.617914e-02
142	4.254674e-03	1.285064e-03	8.383426e-02	1.598663e-02
143	4.186217e-03	1.268164e-03	8.272614e-02	1.579137e-02
144	4.116411e-03	1.250602e-03	8.161401e-02	1.559352e-02
145	4.045398e-03	1.232412e-03	8.049892e-02	1.539319e-02
146	3.973317e-03	1.213628e-03	7.938187e-02	1.519048e-02
147	3.900308e-03	1.194286e-03	7.826383e-02	1.498550e-02
148	3.826507e-03	1.174421e-03	7.714576e-02	1.477836e-02
149	3.752048e-03	1.154070e-03	7.602858e-02	1.456914e-02
150	3.677064e-03	1.133270e-03	7.491316e-02	1.435794e-02
151	3.601683e-03	1.112058e-03	7.380038e-02	1.414487e-02
152	3.526030e-03	1.090470e-03	7.269105e-02	1.393001e-02
153	3.450228e-03	1.068546e-03	7.158598e-02	1.371346e-02
154	3.374395e-03	1.046321e-03	7.048594e-02	1.349532e-02
155	3.298645e-03	1.023835e-03	6.939167e-02	1.327568e-02
156	3.223089e-03	1.001124e-03	6.830389e-02	1.305464e-02
157	3.147832e-03	9.782249e-04	6.722331e-02	1.283230e-02
158	3.072977e-03	9.551748e-04	6.615058e-02	1.260874e-02
159	2.998622e-03	9.320087e-04	6.508635e-02	1.238405e-02
160	2.924861e-03	9.087611e-04	6.403128e-02	1.215832e-02
161	2.851784e-03	8.854647e-04	6.298597e-02	1.193160e-02
162	2.779480e-03	8.621505e-04	6.195108e-02	1.170395e-02
163	2.708037e-03	8.388466e-04	6.092727e-02	1.147538e-02
164	2.637541e-03	8.155766e-04	5.991526e-02	1.124582e-02
165	2.568073e-03	7.923587e-04	5.891572e-02	1.101517e-02
166	2.499692e-03	7.692151e-04	5.792911e-02	1.078340e-02
167	2.432437e-03	7.461873e-04	5.695562e-02	1.055085e-02
168	2.366357e-03	7.233199e-04	5.599557e-02	1.031789e-02
169	2.301512e-03	7.006405e-04	5.504951e-02	1.008463e-02
170	2.237957e-03	6.781694e-04	5.411799e-02	9.851090e-03
171	2.175729e-03	6.559247e-04	5.320134e-02	9.617287e-03
172	2.114855e-03	6.339234e-04	5.229982e-02	9.383243e-03
173	2.055367e-03	6.121844e-04	5.141378e-02	9.149025e-03
174	1.997298e-03	5.907273e-04	5.054362e-02	8.914725e-03
175	1.940678e-03	5.695705e-04	4.968970e-02	8.680444e-03
176	1.885533e-03	5.487321e-04	4.885240e-02	8.446291e-03
177	1.831885e-03	5.282299e-04	4.803207e-02	8.212395e-03
178	1.779756e-03	5.080828e-04	4.722908e-02	7.978915e-03
179	1.729166e-03	4.883096e-04	4.644379e-02	7.746035e-03
180	1.680127e-03	4.689241e-04	4.567652e-02	7.513899e-03
181	1.632636e-03	4.499283e-04	4.492743e-02	7.282528e-03
182	1.586686e-03	4.313202e-04	4.419660e-02	7.051908e-03
183	1.542274e-03	4.131063e-04	4.348423e-02	6.822146e-03
184	1.499401e-03	3.952969e-04	4.279056e-02	6.593413e-03
185	1.458067e-03	3.779006e-04	4.211580e-02	6.365883e-03
186	1.418264e-03	3.609242e-04	4.146015e-02	6.139725e-03
187	1.379984e-03	3.443733e-04	4.082376e-02	5.915113e-03
188	1.343215e-03	3.282525e-04	4.020678e-02	5.692228e-03
189	1.307947e-03	3.125661e-04	3.960933e-02	5.471263e-03
190	1.274162e-03	2.973175e-04	3.903151e-02	5.252420e-03
191	1.241846e-03	2.825098e-04	3.847341e-02	5.035912e-03
192	1.210979e-03	2.681456e-04	3.793510e-02	4.821962e-03
193	1.181542e-03	2.542271e-04	3.741662e-02	4.610804e-03
194	1.153515e-03	2.407565e-04	3.691800e-02	4.402683e-03
195	1.126874e-03	2.277355e-04	3.643925e-02	4.197854e-03
196	1.101597e-03	2.151658e-04	3.598035e-02	3.996580e-03
197	1.077659e-03	2.030491e-04	3.554127e-02	3.799137e-03
198	1.055035e-03	1.913874e-04	3.512194e-02	3.605812e-03
