t_index	avg_L2_error	std_L2_error	avg_relative_error	std_relative_error
0	3.945637e-03	2.444434e-03	7.836073e-02	2.622653e-02
1	2.459090e-03	1.146014e-03	6.674156e-02	2.335496e-02
2	1.873935e-03	6.580140e-04	6.193062e-02	2.311558e-02
3	1.682694e-03	6.426487e-04	6.120949e-02	2.531527e-02
4	1.589962e-03	6.390624e-04	6.161700e-02	2.675269e-02
5	1.512581e-03	6.017402e-04	6.195438e-02	2.722680e-02
6	1.465116e-03	5.215980e-04	6.260293e-02	2.656043e-02
7	1.430641e-03	4.233926e-04	6.321893e-02	2.511073e-02
8	1.409974e-03	3.379521e-04	6.387444e-02	2.354207e-02
9	1.386580e-03	2.442788e-04	6.414415e-02	2.113685e-02
10	1.358158e-03	1.761198e-04	6.394376e-02	1.808728e-02
11	1.358589e-03	1.792013e-04	6.439666e-02	1.641209e-02
12	1.372797e-03	2.038227e-04	6.516218e-02	1.558093e-02
13	1.403335e-03	2.314452e-04	6.640770e-02	1.602357e-02
14	1.445378e-03	2.527484e-04	6.791156e-02	1.695623e-02
15	1.485427e-03	2.650658e-04	6.920383e-02	1.741637e-02
16	1.510117e-03	2.772553e-04	6.992847e-02	1.725743e-02
17	1.522040e-03	2.986051e-04	7.022551e-02	1.705279e-02
18	1.525196e-03	3.284510e-04	7.022371e-02	1.699086e-02
19	1.538904e-03	3.366836e-04	7.042536e-02	1.655589e-02
20	1.555221e-03	3.374107e-04	7.064178e-02	1.598424e-02
21	1.571074e-03	3.366571e-04	7.080345e-02	1.539381e-02
22	1.586680e-03	3.350956e-04	7.092389e-02	1.480489e-02
23	1.602307e-03	3.330854e-04	7.101607e-02	1.422496e-02
24	1.618303e-03	3.308758e-04	7.109418e-02	1.366061e-02
25	1.635046e-03	3.286511e-04	7.117217e-02	1.311778e-02
26	1.652884e-03	3.265485e-04	7.126220e-02	1.260050e-02
27	1.672112e-03	3.246688e-04	7.137416e-02	1.211075e-02
28	1.692961e-03	3.230834e-04	7.151559e-02	1.164849e-02
29	1.715589e-03	3.218378e-04	7.169159e-02	1.121182e-02
30	1.740035e-03	3.209562e-04	7.190397e-02	1.079552e-02
31	1.766119e-03	3.204457e-04	7.214888e-02	1.038767e-02
32	1.793139e-03	3.203125e-04	7.241005e-02	9.959522e-03
33	1.818460e-03	3.207361e-04	7.262577e-02	9.417350e-03
34	1.836687e-03	3.231664e-04	7.267086e-02	8.582042e-03
35	1.871391e-03	3.237030e-04	7.310973e-02	8.265728e-03
36	1.909702e-03	3.241437e-04	7.362764e-02	8.013190e-03
37	1.951141e-03	3.245896e-04	7.421141e-02	7.806869e-03
38	1.995486e-03	3.250956e-04	7.485444e-02	7.639456e-03
39	2.042560e-03	3.257113e-04	7.555149e-02	7.506171e-03
40	2.092196e-03	3.264875e-04	7.629772e-02	7.403342e-03
41	2.144220e-03	3.274768e-04	7.708850e-02	7.327910e-03
42	2.198451e-03	3.287328e-04	7.791930e-02	7.277202e-03
43	2.254702e-03	3.303089e-04	7.878565e-02	7.248819e-03
44	2.312776e-03	3.322566e-04	7.968318e-02	7.240569e-03
45	2.372469e-03	3.346235e-04	8.060760e-02	7.250433e-03
46	2.433573e-03	3.374512e-04	8.155474e-02	7.276542e-03
47	2.495874e-03	3.407744e-04	8.252054e-02	7.317162e-03
48	2.559155e-03	3.446189e-04	8.350107e-02	7.370688e-03
49	2.623198e-03	3.490009e-04	8.449254e-02	7.435636e-03
50	2.687785e-03	3.539263e-04	8.549129e-02	7.510634e-03
51	2.752697e-03	3.593905e-04	8.649381e-02	7.594424e-03
52	2.817719e-03	3.653788e-04	8.749673e-02	7.685849e-03
53	2.882639e-03	3.718668e-04	8.849682e-02	7.783850e-03
54	2.947248e-03	3.788214e-04	8.949099e-02	7.887460e-03
55	3.011345e-03	3.862018e-04	9.047628e-02	7.995795e-03
56	3.074732e-03	3.939609e-04	9.144986e-02	8.108050e-03
57	3.137221e-03	4.020463e-04	9.240904e-02	8.223491e-03
58	3.198629e-03	4.104019e-04	9.335124e-02	8.341448e-03
59	3.258783e-03	4.189691e-04	9.427401e-02	8.461308e-03
60	3.317519e-03	4.276876e-04	9.517500e-02	8.582510e-03
61	3.374683e-03	4.364969e-04	9.605199e-02	8.704538e-03
62	3.430129e-03	4.453367e-04	9.690287e-02	8.826916e-03
63	3.483724e-03	4.541480e-04	9.772563e-02	8.949204e-03
64	3.535342e-03	4.628737e-04	9.851837e-02	9.070991e-03
65	3.584872e-03	4.714590e-04	9.927929e-02	9.191891e-03
66	3.632210e-03	4.798519e-04	1.000067e-01	9.311542e-03
67	3.677264e-03	4.880035e-04	1.006990e-01	9.429600e-03
68	3.719956e-03	4.958683e-04	1.013547e-01	9.545737e-03
69	3.760214e-03	5.034044e-04	1.019725e-01	9.659637e-03
70	3.797979e-03	5.105735e-04	1.025510e-01	9.770997e-03
71	3.833203e-03	5.173413e-04	1.030890e-01	9.879522e-03
72	3.865849e-03	5.236774e-04	1.035855e-01	9.984925e-03
73	3.895887e-03	5.295551e-04	1.040396e-01	1.008693e-02
74	3.923299e-03	5.349518e-04	1.044503e-01	1.018526e-02
75	3.948077e-03	5.398488e-04	1.048169e-01	1.027964e-02
76	3.970220e-03	5.442312e-04	1.051388e-01	1.036983e-02
77	3.989737e-03	5.480881e-04	1.054154e-01	1.045556e-02
78	4.006644e-03	5.514122e-04	1.056463e-01	1.053660e-02
79	4.020967e-03	5.542000e-04	1.058313e-01	1.061271e-02
80	4.032737e-03	5.564515e-04	1.059700e-01	1.068365e-02
81	4.041992e-03	5.581703e-04	1.060624e-01	1.074922e-02
82	4.048777e-03	5.593635e-04	1.061086e-01	1.080923e-02
83	4.053143e-03	5.600413e-04	1.061086e-01	1.086347e-02
84	4.055146e-03	5.602172e-04	1.060628e-01	1.091180e-02
85	4.054847e-03	5.599078e-04	1.059716e-01	1.095406e-02
86	4.052309e-03	5.591325e-04	1.058353e-01	1.099013e-02
87	4.047603e-03	5.579134e-04	1.056547e-01	1.101990e-02
88	4.040800e-03	5.562754e-04	1.054303e-01	1.104331e-02
89	4.031975e-03	5.542456e-04	1.051630e-01	1.106030e-02
90	4.021205e-03	5.518534e-04	1.048537e-01	1.107084e-02
91	4.008569e-03	5.491302e-04	1.045033e-01	1.107496e-02
92	3.994148e-03	5.461091e-04	1.041130e-01	1.107269e-02
93	3.978025e-03	5.428248e-04	1.036839e-01	1.106410e-02
94	3.960281e-03	5.393134e-04	1.032173e-01	1.104929e-02
95	3.941000e-03	5.356120e-04	1.027144e-01	1.102840e-02
96	3.920264e-03	5.317584e-04	1.021767e-01	1.100158e-02
97	3.898157e-03	5.277908e-04	1.016055e-01	1.096904e-02
98	3.874761e-03	5.237476e-04	1.010024e-01	1.093098e-02
99	3.850157e-03	5.196671e-04	1.003689e-01	1.088767e-02
100	3.824425e-03	5.155870e-04	9.970661e-02	1.083936e-02
101	3.797644e-03	5.115439e-04	9.901710e-02	1.078635e-02
102	3.769892e-03	5.075735e-04	9.830199e-02	1.072896e-02
103	3.741244e-03	5.037097e-04	9.756295e-02	1.066752e-02
104	3.711775e-03	4.999845e-04	9.680161e-02	1.060237e-02
105	3.681556e-03	4.964275e-04	9.601965e-02	1.053386e-02
106	3.650657e-03	4.930660e-04	9.521870e-02	1.046236e-02
107	3.619145e-03	4.899240e-04	9.440040e-02	1.038822e-02
108	3.587086e-03	4.870225e-04	9.356638e-02	1.031183e-02
109	3.554543e-03	4.843793e-04	9.271824e-02	1.023354e-02
110	3.521576e-03	4.820086e-04	9.185755e-02	1.015370e-02
111	3.488243e-03	4.799207e-04	9.098584e-02	1.007268e-02
112	3.454599e-03	4.781226e-04	9.010463e-02	9.990811e-03
113	3.420699e-03	4.766174e-04	8.921535e-02	9.908414e-03
114	3.386591e-03	4.754048e-04	8.831944e-02	9.825801e-03
115	3.352324e-03	4.744810e-04	8.741826e-02	9.743263e-03
116	3.317945e-03	4.738389e-04	8.651312e-02	9.661071e-03
117	3.283496e-03	4.734686e-04	8.560529e-02	9.579475e-03
118	3.249018e-03	4.733574e-04	8.469598e-02	9.498704e-03
119	3.214550e-03	4.734903e-04	8.378636e-02	9.418961e-03
120	3.180129e-03	4.738502e-04	8.287751e-02	9.340429e-03
121	3.145788e-03	4.744183e-04	8.197048e-02	9.263265e-03
122	3.111560e-03	4.751748e-04	8.106626e-02	9.187603e-03
123	3.077475e-03	4.760984e-04	8.016579e-02	9.113552e-03
124	3.043563e-03	4.771677e-04	7.926993e-02	9.041199e-03
125	3.009848e-03	4.783603e-04	7.837952e-02	8.970609e-03
126	2.976356e-03	4.796543e-04	7.749531e-02	8.901823e-03
127	2.943109e-03	4.810275e-04	7.661804e-02	8.834862e-03
128	2.910130e-03	4.824582e-04	7.574836e-02	8.769725e-03
129	2.877439e-03	4.839251e-04	7.488689e-02	8.706392e-03
130	2.845053e-03	4.854076e-04	7.403420e-02	8.644827e-03
131	2.812989e-03	4.868857e-04	7.319082e-02	8.584974e-03
132	2.781265e-03	4.883406e-04	7.235722e-02	8.526765e-03
133	2.749893e-03	4.897543e-04	7.153384e-02	8.470117e-03
134	2.718887e-03	4.911099e-04	7.072108e-02	8.414939e-03
135	2.688260e-03	4.923918e-04	6.991928e-02	8.361129e-03
136	2.658021e-03	4.935860e-04	6.912878e-02	8.308582e-03
137	2.628182e-03	4.946797e-04	6.834985e-02	8.257190e-03
138	2.598751e-03	4.956619e-04	6.758275e-02	8.206847e-03
139	2.569738e-03	4.965232e-04	6.682769e-02	8.157444e-03
140	2.541149e-03	4.972554e-04	6.608489e-02	8.108874e-03
141	2.512994e-03	4.978517e-04	6.535452e-02	8.061027e-03
142	2.485279e-03	4.983056e-04	6.463674e-02	8.013781e-03
143	2.458013e-03	4.986111e-04	6.393169e-02	7.967006e-03
144	2.431202e-03	4.987623e-04	6.323951e-02	7.920558e-03
145	2.404855e-03	4.987536e-04	6.256031e-02	7.874286e-03
146	2.378977e-03	4.985802e-04	6.189418e-02	7.828039e-03
147	2.353575e-03	4.982379e-04	6.124122e-02	7.781669e-03
148	2.328656e-03	4.977238e-04	6.060149e-02	7.735040e-03
149	2.304224e-03	4.970360e-04	5.997503e-02	7.688023e-03
150	2.280285e-03	4.961735e-04	5.936188e-02	7.640501e-03
151	2.256841e-03	4.951361e-04	5.876203e-02	7.592369e-03
152	2.233897e-03	4.939243e-04	5.817550e-02	7.543530e-03
153	2.211455e-03	4.925395e-04	5.760226e-02	7.493900e-03
154	2.189517e-03	4.909834e-04	5.704227e-02	7.443404e-03
155	2.168084e-03	4.892585e-04	5.649548e-02	7.391976e-03
156	2.147158e-03	4.873675e-04	5.596186e-02	7.339559e-03
157	2.126739e-03	4.853136e-04	5.544132e-02	7.286103e-03
158	2.106829e-03	4.831001e-04	5.493379e-02	7.231564e-03
159	2.087426e-03	4.807309e-04	5.443919e-02	7.175903e-03
160	2.068532e-03	4.782101e-04	5.395745e-02	7.119085e-03
161	2.050149e-03	4.755421e-04	5.348848e-02	7.061077e-03
162	2.032280e-03	4.727319e-04	5.303226e-02	7.001845e-03
163	2.014933e-03	4.697849e-04	5.258880e-02	6.941341e-03
164	1.998119e-03	4.667042e-04	5.215815e-02	6.879475e-03
165	1.981848e-03	4.634855e-04	5.174034e-02	6.816071e-03
166	1.966107e-03	4.601195e-04	5.133514e-02	6.750985e-03
167	1.950870e-03	4.566164e-04	5.094207e-02	6.684422e-03
168	1.936124e-03	4.529992e-04	5.056083e-02	6.616713e-03
169	1.921875e-03	4.492788e-04	5.019139e-02	6.547944e-03
170	1.908127e-03	4.454587e-04	4.983369e-02	6.478097e-03
171	1.894868e-03	4.415385e-04	4.948748e-02	6.407124e-03
172	1.882079e-03	4.375166e-04	4.915241e-02	6.334982e-03
173	1.869754e-03	4.333961e-04	4.882828e-02	6.261689e-03
174	1.857889e-03	4.291824e-04	4.851496e-02	6.187296e-03
175	1.846481e-03	4.248806e-04	4.821230e-02	6.111854e-03
176	1.835528e-03	4.204949e-04	4.792014e-02	6.035415e-03
177	1.825027e-03	4.160293e-04	4.763834e-02	5.958033e-03
178	1.814977e-03	4.114875e-04	4.736680e-02	5.879767e-03
179	1.805378e-03	4.068727e-04	4.710541e-02	5.800678e-03
180	1.796226e-03	4.021885e-04	4.685400e-02	5.720818e-03
181	1.787503e-03	3.974396e-04	4.661226e-02	5.640224e-03
182	1.779190e-03	3.926316e-04	4.637978e-02	5.558936e-03
183	1.771275e-03	3.877689e-04	4.615634e-02	5.477016e-03
184	1.763754e-03	3.828555e-04	4.594177e-02	5.394536e-03
185	1.756623e-03	3.778949e-04	4.573591e-02	5.311563e-03
186	1.749872e-03	3.728913e-04	4.553855e-02	5.228167e-03
187	1.743494e-03	3.678485e-04	4.534950e-02	5.144415e-03
188	1.737482e-03	3.627704e-04	4.516854e-02	5.060378e-03
189	1.731825e-03	3.576611e-04	4.499548e-02	4.976125e-03
190	1.726516e-03	3.525243e-04	4.483010e-02	4.891724e-03
191	1.721546e-03	3.473638e-04	4.467219e-02	4.807244e-03
192	1.716905e-03	3.421836e-04	4.452156e-02	4.722755e-03
193	1.712585e-03	3.369872e-04	4.437798e-02	4.638323e-03
194	1.708577e-03	3.317783e-04	4.424127e-02	4.554014e-03
195	1.704870e-03	3.265606e-04	4.411121e-02	4.469894e-03
196	1.701456e-03	3.213376e-04	4.398760e-02	4.386026e-03
197	1.698326e-03	3.161127e-04	4.387024e-02	4.302471e-03
198	1.695469e-03	3.108894e-04	4.375893e-02	4.219289e-03
