t_index	avg_L2_error	avg_relative_error
0	1.819121e-02	1.722437e-02
1	7.029221e-02	3.403561e-02
2	1.508468e-01	5.021064e-02
3	2.534388e-01	6.560476e-02
4	3.721253e-01	8.015253e-02
5	5.020451e-01	9.384261e-02
6	6.393409e-01	1.066913e-01
7	7.810259e-01	1.187317e-01
8	9.250702e-01	1.300176e-01
9	1.070173e+00	1.406121e-01
10	1.215569e+00	1.505787e-01
11	1.360807e+00	1.599781e-01
12	1.505605e+00	1.688650e-01
13	1.649731e+00	1.772862e-01
14	1.792871e+00	1.852797e-01
15	1.934629e+00	1.928751e-01
16	2.074744e+00	2.001038e-01
17	2.212973e+00	2.069938e-01
18	2.349154e+00	2.135723e-01
19	2.483428e+00	2.198723e-01
20	2.616229e+00	2.259322e-01
21	2.748088e+00	2.317884e-01
22	2.879694e+00	2.374775e-01
23	3.011876e+00	2.430372e-01
24	3.145455e+00	2.485010e-01
25	3.281115e+00	2.538952e-01
26	3.419391e+00	2.592403e-01
27	3.560729e+00	2.645522e-01
28	3.705196e+00	2.698371e-01
29	3.852928e+00	2.751021e-01
30	4.003963e+00	2.803535e-01
31	4.158228e+00	2.855934e-01
32	4.315512e+00	2.908222e-01
33	4.475686e+00	2.960413e-01
34	4.638667e+00	3.012528e-01
35	4.804179e+00	3.064530e-01
36	4.971982e+00	3.116389e-01
37	5.141670e+00	3.168033e-01
38	5.313396e+00	3.219505e-01
39	5.487155e+00	3.270809e-01
40	5.663190e+00	3.321980e-01
41	5.841700e+00	3.373067e-01
42	6.023351e+00	3.424179e-01
43	6.208009e+00	3.475302e-01
44	6.395840e+00	3.526472e-01
45	6.586670e+00	3.577676e-01
46	6.780378e+00	3.628902e-01
47	6.976414e+00	3.680081e-01
48	7.174732e+00	3.731215e-01
49	7.374501e+00	3.782194e-01
50	7.575333e+00	3.832977e-01
51	7.776835e+00	3.883531e-01
52	7.978796e+00	3.933862e-01
53	8.181238e+00	3.984003e-01
54	8.384471e+00	4.034019e-01
55	8.588591e+00	4.083944e-01
56	8.793884e+00	4.133828e-01
57	9.000722e+00	4.183723e-01
58	9.209275e+00	4.233660e-01
59	9.420191e+00	4.283717e-01
60	9.633143e+00	4.333839e-01
61	9.848262e+00	4.384022e-01
62	1.006558e+01	4.434259e-01
63	1.028440e+01	4.484442e-01
64	1.050437e+01	4.534525e-01
65	1.072472e+01	4.584393e-01
66	1.094470e+01	4.633936e-01
67	1.116385e+01	4.683089e-01
68	1.138202e+01	4.731817e-01
69	1.159877e+01	4.780071e-01
70	1.181443e+01	4.827891e-01
71	1.202977e+01	4.875363e-01
72	1.224478e+01	4.922508e-01
73	1.246010e+01	4.969407e-01
74	1.267586e+01	5.016096e-01
75	1.289234e+01	5.062625e-01
76	1.310974e+01	5.109034e-01
77	1.332751e+01	5.155284e-01
78	1.354597e+01	5.201423e-01
79	1.376499e+01	5.247437e-01
80	1.398385e+01	5.293258e-01
81	1.420307e+01	5.338935e-01
82	1.442250e+01	5.384455e-01
83	1.464185e+01	5.429771e-01
84	1.486148e+01	5.474901e-01
85	1.508164e+01	5.519871e-01
86	1.530279e+01	5.564724e-01
87	1.552524e+01	5.609472e-01
88	1.574903e+01	5.654130e-01
89	1.597442e+01	5.698731e-01
90	1.620173e+01	5.743320e-01
91	1.643107e+01	5.787925e-01
92	1.666245e+01	5.832577e-01
93	1.689557e+01	5.877265e-01
94	1.713021e+01	5.921978e-01
95	1.736614e+01	5.966702e-01
96	1.760371e+01	6.011466e-01
97	1.784261e+01	6.056242e-01
98	1.808230e+01	6.100964e-01
99	1.832262e+01	6.145601e-01
100	1.856364e+01	6.190146e-01
101	1.880474e+01	6.234525e-01
102	1.904591e+01	6.278715e-01
103	1.928741e+01	6.322739e-01
104	1.952888e+01	6.366575e-01
105	1.977036e+01	6.410211e-01
106	2.001250e+01	6.453716e-01
107	2.025478e+01	6.497081e-01
108	2.049772e+01	6.540360e-01
109	2.074045e+01	6.583460e-01
110	2.098246e+01	6.626346e-01
111	2.122417e+01	6.669056e-01
112	2.146491e+01	6.711533e-01
113	2.170445e+01	6.753773e-01
114	2.194347e+01	6.795812e-01
115	2.218182e+01	6.837642e-01
116	2.241954e+01	6.879281e-01
117	2.265763e+01	6.920798e-01
118	2.289630e+01	6.962235e-01
119	2.313509e+01	7.003536e-01
120	2.337487e+01	7.044749e-01
121	2.361545e+01	7.085851e-01
122	2.385643e+01	7.126804e-01
123	2.409813e+01	7.167613e-01
124	2.434018e+01	7.208231e-01
125	2.458231e+01	7.248635e-01
126	2.482446e+01	7.288815e-01
127	2.506777e+01	7.328864e-01
128	2.531191e+01	7.368754e-01
129	2.555719e+01	7.408525e-01
130	2.580411e+01	7.448241e-01
131	2.605168e+01	7.487844e-01
132	2.629973e+01	7.527323e-01
133	2.654818e+01	7.566683e-01
134	2.679681e+01	7.605916e-01
135	2.704487e+01	7.644974e-01
136	2.729172e+01	7.683803e-01
137	2.753719e+01	7.722422e-01
138	2.778167e+01	7.760875e-01
139	2.802547e+01	7.799212e-01
140	2.826898e+01	7.837481e-01
141	2.851270e+01	7.875730e-01
142	2.875681e+01	7.913986e-01
143	2.900097e+01	7.952218e-01
144	2.924486e+01	7.990427e-01
145	2.948807e+01	8.028593e-01
146	2.973087e+01	8.066734e-01
147	2.997338e+01	8.104860e-01
148	3.021599e+01	8.142997e-01
149	3.045893e+01	8.181154e-01
150	3.070193e+01	8.219315e-01
151	3.094554e+01	8.257539e-01
152	3.118994e+01	8.295819e-01
153	3.143484e+01	8.334122e-01
154	3.168001e+01	8.372457e-01
155	3.192490e+01	8.410767e-01
156	3.217032e+01	8.449091e-01
157	3.241642e+01	8.487449e-01
158	3.266207e+01	8.525792e-01
159	3.290593e+01	8.564050e-01
160	3.314825e+01	8.602237e-01
161	3.338883e+01	8.640350e-01
162	3.362741e+01	8.678415e-01
163	3.386393e+01	8.716443e-01
164	3.409839e+01	8.754433e-01
165	3.433079e+01	8.792390e-01
166	3.456163e+01	8.830347e-01
167	3.479180e+01	8.868334e-01
168	3.502198e+01	8.906369e-01
169	3.525265e+01	8.944460e-01
170	3.548408e+01	8.982575e-01
171	3.571745e+01	9.020762e-01
172	3.595359e+01	9.059026e-01
173	3.619253e+01	9.097331e-01
174	3.643432e+01	9.135643e-01
175	3.667901e+01	9.173922e-01
176	3.692567e+01	9.212096e-01
177	3.717371e+01	9.250117e-01
178	3.742255e+01	9.287924e-01
179	3.767200e+01	9.325520e-01
180	3.792177e+01	9.362902e-01
181	3.817193e+01	9.400079e-01
182	3.842251e+01	9.437034e-01
183	3.867366e+01	9.473812e-01
184	3.892546e+01	9.510451e-01
185	3.917732e+01	9.546936e-01
186	3.942984e+01	9.583344e-01
187	3.968313e+01	9.619730e-01
188	3.993773e+01	9.656166e-01
189	4.019361e+01	9.692666e-01
190	4.045137e+01	9.729285e-01
191	4.071095e+01	9.766045e-01
192	4.097272e+01	9.802988e-01
193	4.123645e+01	9.840098e-01
194	4.150219e+01	9.877404e-01
195	4.176994e+01	9.914897e-01
196	4.203858e+01	9.952481e-01
197	4.230752e+01	9.990101e-01
198	4.257668e+01	1.002775e+00
199	4.284581e+01	1.006535e+00
200	4.311470e+01	1.010289e+00
201	4.338302e+01	1.014033e+00
202	4.365092e+01	1.017766e+00
203	4.391835e+01	1.021490e+00
204	4.418480e+01	1.025199e+00
205	4.445065e+01	1.028893e+00
206	4.471532e+01	1.032571e+00
207	4.497819e+01	1.036227e+00
208	4.523935e+01	1.039862e+00
209	4.549969e+01	1.043485e+00
210	4.576069e+01	1.047103e+00
211	4.602326e+01	1.050722e+00
212	4.628865e+01	1.054351e+00
213	4.655793e+01	1.057991e+00
214	4.683264e+01	1.061660e+00
215	4.711338e+01	1.065357e+00
216	4.740041e+01	1.069088e+00
217	4.769332e+01	1.072849e+00
218	4.799256e+01	1.076642e+00
219	4.829767e+01	1.080466e+00
220	4.860828e+01	1.084315e+00
221	4.892303e+01	1.088182e+00
222	4.924096e+01	1.092059e+00
223	4.956079e+01	1.095937e+00
224	4.988146e+01	1.099809e+00
225	5.020302e+01	1.103673e+00
226	5.052535e+01	1.107529e+00
227	5.084849e+01	1.111375e+00
228	5.117193e+01	1.115206e+00
229	5.149578e+01	1.119025e+00
230	5.181968e+01	1.122833e+00
231	5.214459e+01	1.126637e+00
232	5.247043e+01	1.130437e+00
233	5.279676e+01	1.134230e+00
234	5.312392e+01	1.138026e+00
235	5.345146e+01	1.141821e+00
236	5.377920e+01	1.145620e+00
237	5.410643e+01	1.149420e+00
238	5.443272e+01	1.153220e+00
239	5.475768e+01	1.157020e+00
240	5.508086e+01	1.160818e+00
241	5.540205e+01	1.164616e+00
242	5.572226e+01	1.168420e+00
243	5.604327e+01	1.172241e+00
244	5.636604e+01	1.176083e+00
245	5.669209e+01	1.179957e+00
246	5.702316e+01	1.183872e+00
247	5.735999e+01	1.187828e+00
248	5.770246e+01	1.191823e+00
249	5.804928e+01	1.195845e+00
250	5.839974e+01	1.199885e+00
251	5.875307e+01	1.203935e+00
252	5.910837e+01	1.207987e+00
253	5.946501e+01	1.212035e+00
254	5.982318e+01	1.216077e+00
255	6.018273e+01	1.220109e+00
256	6.054371e+01	1.224129e+00
257	6.090614e+01	1.228138e+00
258	6.127050e+01	1.232142e+00
259	6.163529e+01	1.236129e+00
260	6.199897e+01	1.240092e+00
261	6.236042e+01	1.244026e+00
262	6.271947e+01	1.247934e+00
263	6.307659e+01	1.251821e+00
264	6.343238e+01	1.255692e+00
265	6.378775e+01	1.259558e+00
266	6.414333e+01	1.263423e+00
267	6.450043e+01	1.267297e+00
268	6.486038e+01	1.271186e+00
269	6.522454e+01	1.275101e+00
270	6.559451e+01	1.279050e+00
271	6.597241e+01	1.283045e+00
272	6.635911e+01	1.287093e+00
273	6.675485e+01	1.291189e+00
274	6.715994e+01	1.295334e+00
275	6.757580e+01	1.299537e+00
276	6.800350e+01	1.303802e+00
277	6.844324e+01	1.308126e+00
278	6.889527e+01	1.312510e+00
279	6.935904e+01	1.316947e+00
280	6.983391e+01	1.321433e+00
281	7.032014e+01	1.325970e+00
282	7.081653e+01	1.330548e+00
283	7.132105e+01	1.335154e+00
284	7.183280e+01	1.339782e+00
285	7.235072e+01	1.344425e+00
286	7.287344e+01	1.349073e+00
287	7.340048e+01	1.353722e+00
288	7.393136e+01	1.358370e+00
289	7.446662e+01	1.363018e+00
290	7.500669e+01	1.367668e+00
291	7.555238e+01	1.372321e+00
292	7.610403e+01	1.376979e+00
293	7.666215e+01	1.381644e+00
294	7.722762e+01	1.386320e+00
295	7.780000e+01	1.391006e+00
296	7.837811e+01	1.395692e+00
297	7.896124e+01	1.400374e+00
298	7.954897e+01	1.405051e+00
299	8.014121e+01	1.409726e+00
300	8.073764e+01	1.414396e+00
301	8.133767e+01	1.419055e+00
302	8.194069e+01	1.423701e+00
303	8.254615e+01	1.428335e+00
304	8.315317e+01	1.432953e+00
305	8.376154e+01	1.437556e+00
306	8.437049e+01	1.442140e+00
307	8.497978e+01	1.446709e+00
308	8.558941e+01	1.451268e+00
309	8.619876e+01	1.455814e+00
310	8.680704e+01	1.460348e+00
311	8.741344e+01	1.464873e+00
312	8.801821e+01	1.469395e+00
313	8.862103e+01	1.473915e+00
314	8.922182e+01	1.478435e+00
315	8.982147e+01	1.482963e+00
316	9.042103e+01	1.487501e+00
317	9.102186e+01	1.492055e+00
318	9.162524e+01	1.496634e+00
319	9.223364e+01	1.501246e+00
320	9.284934e+01	1.505897e+00
321	9.347397e+01	1.510595e+00
322	9.410859e+01	1.515343e+00
323	9.475429e+01	1.520144e+00
324	9.541190e+01	1.524997e+00
325	9.608342e+01	1.529905e+00
326	9.676943e+01	1.534865e+00
327	9.747095e+01	1.539880e+00
328	9.818802e+01	1.544946e+00
329	9.892204e+01	1.550066e+00
330	9.967420e+01	1.555241e+00
331	1.004447e+02	1.560473e+00
332	1.012322e+02	1.565752e+00
333	1.020350e+02	1.571074e+00
334	1.028510e+02	1.576430e+00
335	1.036786e+02	1.581816e+00
336	1.045174e+02	1.587226e+00
337	1.053676e+02	1.592661e+00
338	1.062306e+02	1.598123e+00
339	1.071057e+02	1.603609e+00
340	1.079928e+02	1.609120e+00
341	1.088910e+02	1.614649e+00
342	1.097998e+02	1.620198e+00
343	1.107182e+02	1.625765e+00
344	1.116458e+02	1.631351e+00
345	1.125801e+02	1.636953e+00
346	1.135191e+02	1.642562e+00
347	1.144620e+02	1.648177e+00
348	1.154087e+02	1.653797e+00
349	1.163599e+02	1.659423e+00
350	1.173125e+02	1.665051e+00
351	1.182646e+02	1.670681e+00
352	1.192153e+02	1.676312e+00
353	1.201657e+02	1.681950e+00
354	1.211175e+02	1.687604e+00
355	1.220739e+02	1.693289e+00
356	1.230360e+02	1.699002e+00
357	1.240046e+02	1.704744e+00
358	1.249816e+02	1.710520e+00
359	1.259678e+02	1.716328e+00
360	1.269626e+02	1.722164e+00
361	1.279659e+02	1.728025e+00
362	1.289772e+02	1.733908e+00
363	1.299981e+02	1.739815e+00
364	1.310316e+02	1.745753e+00
365	1.320805e+02	1.751727e+00
366	1.331476e+02	1.757741e+00
367	1.342341e+02	1.763798e+00
368	1.353393e+02	1.769893e+00
369	1.364655e+02	1.776030e+00
370	1.376166e+02	1.782216e+00
371	1.387924e+02	1.788446e+00
372	1.399895e+02	1.794711e+00
373	1.412088e+02	1.801008e+00
374	1.424503e+02	1.807339e+00
375	1.437158e+02	1.813709e+00
376	1.450048e+02	1.820114e+00
377	1.463177e+02	1.826559e+00
378	1.476556e+02	1.833047e+00
379	1.490174e+02	1.839573e+00
380	1.504043e+02	1.846144e+00
381	1.518156e+02	1.852760e+00
382	1.532515e+02	1.859425e+00
383	1.547131e+02	1.866146e+00
384	1.562001e+02	1.872923e+00
385	1.577127e+02	1.879758e+00
386	1.592460e+02	1.886631e+00
387	1.607956e+02	1.893521e+00
388	1.623605e+02	1.900427e+00
389	1.639417e+02	1.907351e+00
390	1.655398e+02	1.914290e+00
391	1.671594e+02	1.921261e+00
392	1.688027e+02	1.928272e+00
393	1.704688e+02	1.935321e+00
394	1.721581e+02	1.942409e+00
395	1.738731e+02	1.949544e+00
396	1.756137e+02	1.956731e+00
397	1.773802e+02	1.963970e+00
398	1.791783e+02	1.971280e+00
