2.16033e-06
1.30005e-06
1.23102e-06
1.22803e-06
1.15381e-06
1.13607e-06
1.06984e-06
8.83418e-07
7.61951e-07
6.39803e-07
6.18067e-07
5.64838e-07
4.71922e-07
4.72158e-07
3.96229e-07
3.91502e-07
4.35525e-07
4.31204e-07
3.74098e-07
3.73680e-07
3.57596e-07
3.40107e-07
3.76729e-07
3.33897e-07
3.48771e-07
3.32298e-07
3.17053e-07
3.81462e-07
3.01840e-07
3.01407e-07
2.90579e-07
2.79835e-07
2.66928e-07
2.61318e-07
2.57359e-07
2.56145e-07
2.22597e-07
2.35485e-07
2.12615e-07
1.90237e-07
1.84657e-07
1.81240e-07
2.16459e-07
1.74496e-07
1.57448e-07
1.49280e-07
1.48066e-07
1.47506e-07
1.32422e-07
1.30598e-07
1.08063e-07
1.07715e-07
9.51571e-08
9.61233e-08
8.71987e-08
9.26510e-08
1.10377e-07
6.92793e-08
7.02604e-08
7.74883e-08
6.14884e-08
6.64569e-08
7.38870e-08
5.62686e-08
6.14196e-08
6.73194e-08
5.75019e-08
5.21715e-08
4.60955e-08
5.43077e-08
4.98161e-08
4.85862e-08
3.72458e-08
3.69921e-08
3.77547e-08
4.02962e-08
4.96669e-08
4.45115e-08
3.15225e-08
4.18469e-08
4.02489e-08
4.10002e-08
2.97690e-08
2.64517e-08
2.64334e-08
4.22995e-08
4.03097e-08
4.19121e-08
3.42604e-08
2.71649e-08
2.35878e-08
7.28567e-08
3.97801e-08
2.81932e-08
2.59326e-08
2.02487e-08
3.10879e-08
2.39677e-08
2.50063e-08
2.04372e-08
2.26254e-08
2.17507e-08
1.85101e-08
2.05267e-08
1.69833e-08
1.86317e-08
2.06734e-08
1.95043e-08
1.69860e-08
1.48659e-08
1.93302e-08
1.34170e-08
1.49481e-08
1.44061e-08
3.32036e-08
1.94659e-08
1.96677e-08
1.91268e-08
1.27675e-08
1.41136e-08
1.62307e-08
1.84726e-08
1.49069e-08
1.16912e-08
1.61541e-08
1.17484e-08
1.16246e-08
1.62103e-08
1.38242e-08
1.51022e-08
1.30559e-08
1.28422e-08
1.43807e-08
1.09527e-08
9.90498e-09
1.41466e-08
1.35187e-08
9.99979e-09
1.94547e-08
1.10120e-08
1.24335e-08
1.14718e-08
1.29792e-08
1.52623e-08
1.90664e-08
9.32303e-09
1.30633e-08
1.10962e-08
1.76936e-08
1.08551e-08
1.09991e-08
9.85877e-09
8.57358e-09
1.12856e-08
1.12719e-08
8.77715e-09
1.32295e-08
8.58496e-09
1.12515e-08
2.17283e-08
1.14671e-08
8.86195e-09
9.82256e-09
7.45438e-09
9.34991e-09
7.38874e-09
8.72902e-09
9.42507e-09
1.36728e-08
1.80593e-08
7.65038e-09
7.29832e-09
8.71995e-09
9.92504e-09
1.07322e-08
7.71480e-09
9.10934e-09
1.02817e-08
7.12809e-09
7.08464e-09
6.21536e-09
8.12035e-09
1.14461e-08
9.31828e-09
7.58889e-09
7.52124e-09
6.95145e-09
6.09702e-09
6.28591e-09
7.50757e-09
7.08336e-09
8.79674e-09
7.10815e-09
6.62105e-09
8.04865e-09
1.02792e-08
9.03820e-09
8.40194e-09
8.00015e-09
7.14372e-09
6.86442e-09
7.20025e-09
7.12293e-09
6.87426e-09
7.13773e-09
5.80514e-09
6.16834e-09
1.23442e-08
4.63526e-09
6.69668e-09
7.15908e-09
5.12377e-09
8.64195e-09
1.01494e-08
6.57656e-09
5.78845e-09
7.76138e-09
6.82442e-09
5.93516e-09
6.65005e-09
5.26624e-09
5.83494e-09
5.05221e-09
4.48922e-09
7.83941e-09
1.30017e-08
1.29830e-08
1.02798e-08
1.19483e-08
8.92394e-09
4.25136e-09
6.25405e-09
6.04551e-09
5.49647e-09
5.09952e-09
7.61706e-09
5.88330e-09
5.22356e-09
4.82353e-09
7.22204e-09
5.53733e-09
6.08476e-09
5.03370e-09
5.48164e-09
5.39934e-09
7.18651e-09
4.59627e-09
6.01571e-09
3.95551e-09
4.98563e-09
4.31950e-09
1.53044e-08
1.18313e-08
6.09456e-09
5.79997e-09
4.91861e-09
4.48633e-09
6.23716e-09
6.61051e-09
6.10614e-09
5.45750e-09
4.74423e-09
4.75873e-09
4.39818e-09
6.61667e-09
5.69300e-09
4.24118e-09
3.40440e-09
3.69676e-09
3.26688e-09
4.92746e-09
4.35037e-09
8.10769e-09
7.05885e-09
4.11061e-09
5.32400e-09
4.48697e-09
4.24140e-09
6.14499e-09
6.23889e-09
5.44600e-09
6.11540e-09
7.42733e-09
4.44838e-09
3.36480e-09
3.44938e-09
4.23757e-09
3.59109e-09
3.43462e-09
4.24588e-09
4.65706e-09
4.03088e-09
3.45461e-09
3.49644e-09
7.38102e-09
6.20866e-09
3.41173e-09
6.12690e-09
4.61102e-09
3.53702e-09
3.56629e-09
4.35643e-09
3.11394e-09
4.81415e-09
9.27459e-09
4.19213e-09
4.17328e-09
3.05486e-09
3.36771e-09
3.91596e-09
3.96746e-09
3.30084e-09
3.44679e-09
2.83225e-09
3.51077e-09
3.86569e-09
2.77689e-09
3.02582e-09
3.63192e-09
4.03590e-09
3.64289e-09
4.10203e-09
3.05380e-09
3.58882e-09
5.98575e-09
3.59437e-09
4.24297e-09
3.30831e-09
4.50125e-09
3.48276e-09
3.10509e-09
3.03340e-09
2.79295e-09
4.25581e-09
4.20393e-09
4.33312e-09
3.95390e-09
3.34984e-09
3.42108e-09
2.46241e-09
4.06313e-09
3.32055e-09
3.19105e-09
4.21583e-09
3.41062e-09
3.92478e-09
2.83209e-09
6.78483e-09
4.16103e-09
4.18511e-09
9.74105e-09
5.12505e-09
3.53029e-09
2.64119e-09
3.12016e-09
4.15977e-09
3.74008e-09
2.99669e-09
2.93914e-09
2.96960e-09
3.68288e-09
3.00850e-09
2.66739e-09
2.66095e-09
2.71284e-09
3.05508e-09
2.65191e-09
3.05886e-09
4.00003e-09
2.57356e-09
2.70618e-09
3.61697e-09
3.28110e-09
3.38818e-09
3.86486e-09
2.60650e-09
2.67153e-09
2.51969e-09
3.78560e-09
2.79664e-09
2.49240e-09
3.10004e-09
4.08205e-09
3.05516e-09
2.69880e-09
3.97740e-09
2.41338e-09
2.75538e-09
3.28074e-09
3.11938e-09
4.13852e-09
3.12611e-09
2.46431e-09
2.10310e-09
2.69807e-09
3.01460e-09
2.85677e-09
2.42859e-09
4.48944e-09
3.14645e-09
3.29003e-09
2.81608e-09
2.84934e-09
3.10251e-09
2.37767e-09
2.79679e-09
3.16242e-09
3.41751e-09
2.57815e-09
2.73836e-09
2.43745e-09
2.83789e-09
3.19308e-09
3.46193e-09
8.04126e-09
2.71288e-09
3.33749e-09
2.48571e-09
1.62979e-09
2.24688e-09
3.05986e-09
3.10039e-09
2.39261e-09
2.61144e-09
2.40409e-09
2.00145e-09
3.29044e-09
2.73770e-09
2.48589e-09
2.99746e-09
1.96540e-09
2.67781e-09
2.81402e-09
2.75960e-09
4.06401e-09
3.43726e-09
2.69231e-09
2.21684e-09
2.36260e-09
2.03183e-09
3.12246e-09
2.09230e-09
1.96191e-09
2.08959e-09
1.99400e-09
2.12037e-09
1.96627e-09
2.49803e-09
2.24704e-09
2.12445e-09
2.42465e-09
2.73721e-09
2.09181e-09
2.29272e-09
1.88347e-09
2.14559e-09
3.08041e-09
2.09788e-09
1.71352e-09
2.20696e-09
2.11126e-09
1.68551e-09
2.06535e-09
1.90494e-09
1.89599e-09
1.95150e-09
2.02241e-09
2.24797e-09
2.70817e-09
2.45481e-09
3.05611e-09
1.95347e-09
2.13622e-09
2.01877e-09
1.89924e-09
1.83536e-09
2.38838e-09
2.90406e-09
2.19262e-09
1.83426e-09
2.31764e-09
2.74752e-09
1.98538e-09
2.97740e-09
1.80496e-09
3.53692e-09
2.42212e-09
1.71874e-09
1.93142e-09
2.01354e-09
2.10863e-09
1.69099e-09
2.18292e-09
1.64665e-09
1.84739e-09
1.70093e-09
1.72193e-09
1.73774e-09
1.85470e-09
1.77618e-09
2.29425e-09
1.95256e-09
2.48231e-09
2.41725e-09
2.02958e-09
1.71887e-09
2.22859e-09
2.08701e-09
1.65236e-09
1.64930e-09
1.41965e-09
1.59948e-09
2.42471e-09
1.94036e-09
2.04680e-09
1.82077e-09
1.70006e-09
2.41209e-09
2.76218e-09
1.49560e-09
1.56529e-09
1.90335e-09
1.82039e-09
1.68789e-09
1.58251e-09
2.26962e-09
2.08822e-09
1.97785e-09
2.15527e-09
1.86134e-09
1.55326e-09
1.58420e-09
1.70973e-09
1.73508e-09
1.89730e-09
1.59381e-09
1.57671e-09
1.80947e-09
1.34051e-09
2.33676e-09
1.43574e-09
1.49641e-09
1.31749e-09
1.74613e-09
1.42061e-09
1.44591e-09
1.49692e-09
1.57966e-09
1.48469e-09
1.47034e-09
1.96578e-09
1.60324e-09
1.26928e-09
1.59412e-09
1.44635e-09
1.52855e-09
1.51721e-09
1.41959e-09
1.74677e-09
1.55375e-09
1.63255e-09
1.49756e-09
1.45792e-09
1.64192e-09
1.43268e-09
1.94114e-09
1.93336e-09
1.82103e-09
2.18842e-09
1.36157e-09
1.36953e-09
1.36888e-09
1.21489e-09
1.45676e-09
1.36301e-09
1.55749e-09
1.46647e-09
1.59114e-09
1.31928e-09
1.47201e-09
1.65189e-09
1.41883e-09
1.40808e-09
1.66085e-09
1.53612e-09
1.75450e-09
1.30698e-09
1.48748e-09
1.68949e-09
1.17647e-09
1.45887e-09
1.57410e-09
1.77748e-09
1.49051e-09
1.24403e-09
1.54453e-09
1.41744e-09
1.50352e-09
1.74218e-09
1.48255e-09
1.30667e-09
1.44441e-09
1.23245e-09
1.28297e-09
1.47976e-09
1.25422e-09
1.34527e-09
1.33865e-09
1.37282e-09
1.21075e-09
1.19427e-09
1.19824e-09
1.23726e-09
1.48329e-09
1.38273e-09
1.37337e-09
1.42771e-09
1.36327e-09
1.38228e-09
1.46148e-09
1.45814e-09
1.35381e-09
1.36584e-09
1.25818e-09
1.56349e-09
1.34429e-09
1.46945e-09
1.21859e-09
1.27462e-09
1.07039e-09
1.08606e-09
1.48631e-09
1.20263e-09
1.10716e-09
1.16847e-09
1.24260e-09
1.28473e-09
1.00447e-09
1.61628e-09
1.24496e-09
1.16303e-09
1.28089e-09
1.39318e-09
1.16193e-09
1.55081e-09
1.14404e-09
1.08039e-09
1.13695e-09
1.16427e-09
1.17578e-09
1.03782e-09
1.64834e-09
1.10504e-09
1.19330e-09
1.11214e-09
1.45136e-09
1.20073e-09
1.13932e-09
1.02234e-09
1.04828e-09
1.09196e-09
1.02396e-09
1.16398e-09
1.18302e-09
1.17626e-09
1.11761e-09
1.02683e-09
9.51824e-10
1.03076e-09
1.11282e-09
1.08850e-09
1.10481e-09
1.21879e-09
1.37524e-09
1.16460e-09
1.04451e-09
1.03256e-09
1.24412e-09
1.12271e-09
1.08003e-09
1.12212e-09
1.10316e-09
1.20852e-09
1.02949e-09
9.70262e-10
1.03364e-09
1.04063e-09
1.12520e-09
1.05402e-09
1.09702e-09
9.71545e-10
1.06563e-09
1.01213e-09
1.02041e-09
1.09593e-09
1.18044e-09
1.14745e-09
1.01548e-09
1.16284e-09
1.08439e-09
1.06696e-09
9.55835e-10
1.11627e-09
9.89557e-10
1.21645e-09
9.07297e-10
1.00210e-09
9.76042e-10
9.73059e-10
9.36008e-10
1.03180e-09
1.00387e-09
1.01670e-09
1.01119e-09
1.02898e-09
9.82814e-10
1.17574e-09
1.01286e-09
1.20963e-09
1.09140e-09
9.78277e-10
9.78806e-10
9.78330e-10
1.00562e-09
1.02360e-09
9.20925e-10
1.04051e-09
9.11843e-10
9.84553e-10
1.05672e-09
9.43073e-10
1.20239e-09
1.06118e-09
9.26996e-10
8.80643e-10
9.67472e-10
9.37286e-10
8.26936e-10
1.01564e-09
9.30415e-10
9.47101e-10
1.04432e-09
8.43867e-10
8.76020e-10
8.94502e-10
8.65305e-10
9.43942e-10
9.34127e-10
9.78031e-10
8.02217e-10
9.28832e-10
9.46765e-10
8.83023e-10
8.48676e-10
1.00204e-09
9.78573e-10
8.56460e-10
9.45654e-10
8.87152e-10
8.16857e-10
8.55330e-10
8.37255e-10
8.95514e-10
8.73819e-10
8.06139e-10
8.71970e-10
8.14511e-10
7.90614e-10
8.72758e-10
8.43965e-10
9.22680e-10
8.47926e-10
8.35030e-10
8.82126e-10
8.76885e-10
8.98127e-10
8.56775e-10
8.76389e-10
8.79235e-10
8.67481e-10
7.73197e-10
8.56851e-10
7.85821e-10
8.29158e-10
8.76422e-10
8.75317e-10
9.70990e-10
8.56180e-10
8.33319e-10
8.39870e-10
8.52730e-10
8.14466e-10
8.14067e-10
8.76644e-10
8.22315e-10
8.43543e-10
8.01945e-10
8.54163e-10
7.82908e-10
8.38876e-10
8.24359e-10
7.68833e-10
8.53801e-10
8.26248e-10
7.86057e-10
7.69425e-10
8.08239e-10
7.98834e-10
7.71050e-10
7.77021e-10
7.65815e-10
7.95470e-10
8.15029e-10
7.81089e-10
7.68172e-10
7.74617e-10
7.56463e-10
7.78287e-10
7.77310e-10
7.83877e-10
8.03644e-10
7.78684e-10
7.91702e-10
7.65790e-10
7.58620e-10
7.64818e-10
7.76109e-10
7.85981e-10
7.71545e-10
7.38565e-10
7.82360e-10
7.52931e-10
7.94284e-10
7.62956e-10
7.40208e-10
7.36436e-10
7.83943e-10
7.75754e-10
7.62634e-10
7.61145e-10
7.65909e-10
7.41205e-10
7.59492e-10
7.63104e-10
7.66753e-10
7.22615e-10
7.65983e-10
7.17313e-10
7.49235e-10
7.61456e-10
7.38836e-10
7.37470e-10
7.51009e-10
7.34177e-10
7.39105e-10
7.28811e-10
7.34987e-10
7.30438e-10
7.26496e-10
7.18795e-10
7.24287e-10
7.23843e-10
7.08393e-10
7.35778e-10
7.06952e-10
7.13522e-10
7.69485e-10
7.20795e-10
7.22800e-10
7.21635e-10
7.16976e-10
7.18018e-10
7.29767e-10
7.03869e-10
7.09380e-10
7.22349e-10
7.44560e-10
7.05720e-10
7.11067e-10
6.91451e-10
7.05399e-10
7.04911e-10
7.01080e-10
7.15577e-10
7.16961e-10
6.93040e-10
6.97327e-10
6.95455e-10
7.06500e-10
7.04870e-10
7.02266e-10
7.01233e-10
6.86909e-10
7.02563e-10
7.16760e-10
6.86797e-10
6.86935e-10
7.09030e-10
7.02318e-10
6.93188e-10
6.89135e-10
7.04789e-10
6.92895e-10
6.98703e-10
6.90501e-10
6.88567e-10
6.92714e-10
6.88355e-10
6.79908e-10
6.95395e-10
6.79904e-10
6.84198e-10
6.87143e-10
6.93521e-10
6.83960e-10
6.89520e-10
6.98131e-10
6.78958e-10
6.73307e-10
6.78748e-10
6.90489e-10
6.79297e-10
6.83359e-10
6.74614e-10
6.71116e-10
6.83560e-10
6.70054e-10
6.75513e-10
6.86335e-10
6.68641e-10
6.82113e-10
6.76694e-10
6.79239e-10
6.78448e-10
6.70713e-10
6.68439e-10
6.66504e-10
6.66466e-10
6.71683e-10
6.67527e-10
6.73319e-10
6.70565e-10
6.81639e-10
6.64188e-10
6.74294e-10
6.76638e-10
6.67307e-10
6.84249e-10
6.65256e-10
6.58381e-10
6.73862e-10
6.64616e-10
6.60817e-10
6.66156e-10
6.63476e-10
6.74605e-10
6.65892e-10
6.60113e-10
6.68016e-10
6.62936e-10
6.56372e-10
6.65490e-10
6.57654e-10
6.63021e-10
6.57897e-10
6.64137e-10
6.61906e-10
6.61088e-10
6.56748e-10
6.70191e-10
6.59607e-10
6.57632e-10
6.63524e-10
6.53962e-10
6.55895e-10
6.52631e-10
6.58753e-10
6.55810e-10
6.62612e-10
6.53354e-10
6.54225e-10
6.57975e-10
6.53975e-10
6.56276e-10
6.59032e-10
6.56319e-10
6.54435e-10
6.54816e-10
6.56629e-10
6.53203e-10
6.50238e-10
6.51168e-10
6.53093e-10
6.54554e-10
6.55696e-10
6.56428e-10
6.59140e-10
6.56777e-10
6.54434e-10
6.67118e-10
