t_index	avg_L2_error	std_L2_error	avg_relative_error	std_relative_error
0	8.470482e-05	7.074293e-05	1.049667e-02	2.214370e-03
1	6.354341e-05	6.118224e-05	9.284387e-03	2.713160e-03
2	5.619130e-05	5.128249e-05	9.303919e-03	2.743473e-03
3	5.562254e-05	4.775479e-05	9.819069e-03	3.019612e-03
4	5.739207e-05	4.637093e-05	1.051433e-02	3.417689e-03
5	5.987940e-05	4.573810e-05	1.125183e-02	3.851426e-03
6	6.237268e-05	4.527782e-05	1.196277e-02	4.267652e-03
7	6.459138e-05	4.475863e-05	1.261491e-02	4.638605e-03
8	6.644799e-05	4.409951e-05	1.319373e-02	4.951103e-03
9	6.792287e-05	4.328101e-05	1.369201e-02	5.198490e-03
10	6.902265e-05	4.231091e-05	1.410690e-02	5.376649e-03
11	6.976274e-05	4.120348e-05	1.443849e-02	5.481497e-03
12	7.016130e-05	3.995919e-05	1.468924e-02	5.507861e-03
13	7.024607e-05	3.856831e-05	1.486501e-02	5.454514e-03
14	7.004893e-05	3.703202e-05	1.497349e-02	5.326385e-03
15	6.961484e-05	3.537018e-05	1.502440e-02	5.133715e-03
16	6.899562e-05	3.361654e-05	1.502831e-02	4.890185e-03
17	6.824774e-05	3.181749e-05	1.499602e-02	4.611250e-03
18	6.742390e-05	3.001840e-05	1.493756e-02	4.312006e-03
19	6.656953e-05	2.826075e-05	1.486172e-02	4.006144e-03
20	6.572191e-05	2.658078e-05	1.477575e-02	3.705399e-03
21	6.491088e-05	2.500574e-05	1.468562e-02	3.418973e-03
22	6.416022e-05	2.355192e-05	1.459618e-02	3.153262e-03
23	6.348848e-05	2.222474e-05	1.451134e-02	2.911886e-03
24	6.290911e-05	2.102029e-05	1.443407e-02	2.695924e-03
25	6.243230e-05	1.993099e-05	1.436662e-02	2.504565e-03
26	6.206766e-05	1.895183e-05	1.431081e-02	2.336079e-03
27	6.182550e-05	1.808242e-05	1.426829e-02	2.188644e-03
28	6.171683e-05	1.732645e-05	1.424062e-02	2.060748e-03
29	6.175293e-05	1.669161e-05	1.422929e-02	1.951293e-03
30	6.194501e-05	1.619083e-05	1.423569e-02	1.859605e-03
31	6.230346e-05	1.584330e-05	1.426097e-02	1.785391e-03
32	6.283695e-05	1.567407e-05	1.430600e-02	1.728657e-03
33	6.355169e-05	1.571233e-05	1.437121e-02	1.689645e-03
34	6.445106e-05	1.598813e-05	1.445665e-02	1.668758e-03
35	6.553543e-05	1.652752e-05	1.456194e-02	1.666433e-03
36	6.680208e-05	1.734741e-05	1.468630e-02	1.682946e-03
37	6.824522e-05	1.845156e-05	1.482867e-02	1.718172e-03
38	6.985597e-05	1.982900e-05	1.498770e-02	1.771374e-03
39	7.162245e-05	2.145489e-05	1.516184e-02	1.841078e-03
40	7.352983e-05	2.329279e-05	1.534941e-02	1.925079e-03
41	7.556047e-05	2.529759e-05	1.554863e-02	2.020549e-03
42	7.769426e-05	2.741828e-05	1.575767e-02	2.124219e-03
43	7.990922e-05	2.960039e-05	1.597471e-02	2.232584e-03
44	8.218226e-05	3.178825e-05	1.619799e-02	2.342101e-03
45	8.449025e-05	3.392705e-05	1.642592e-02	2.449350e-03
46	8.681104e-05	3.596481e-05	1.665705e-02	2.551185e-03
47	8.912446e-05	3.785423e-05	1.689016e-02	2.644833e-03
48	9.141314e-05	3.955413e-05	1.712428e-02	2.727971e-03
49	9.366304e-05	4.103043e-05	1.735865e-02	2.798759e-03
50	9.586357e-05	4.225668e-05	1.759274e-02	2.855841e-03
51	9.800763e-05	4.321416e-05	1.782618e-02	2.898337e-03
52	1.000913e-04	4.389184e-05	1.805875e-02	2.925828e-03
53	1.021139e-04	4.428620e-05	1.829033e-02	2.938336e-03
54	1.040770e-04	4.440092e-05	1.852091e-02	2.936315e-03
55	1.059850e-04	4.424655e-05	1.875051e-02	2.920634e-03
56	1.078439e-04	4.384014e-05	1.897921e-02	2.892573e-03
57	1.096616e-04	4.320489e-05	1.920711e-02	2.853807e-03
58	1.114472e-04	4.236983e-05	1.943435e-02	2.806402e-03
59	1.132109e-04	4.136959e-05	1.966106e-02	2.752799e-03
60	1.149634e-04	4.024397e-05	1.988740e-02	2.695782e-03
61	1.167158e-04	3.903745e-05	2.011353e-02	2.638418e-03
62	1.184789e-04	3.779867e-05	2.033960e-02	2.583976e-03
63	1.202635e-04	3.657976e-05	2.056574e-02	2.535811e-03
64	1.220794e-04	3.543537e-05	2.079209e-02	2.497213e-03
65	1.239358e-04	3.442091e-05	2.101873e-02	2.471202e-03
66	1.258406e-04	3.358978e-05	2.124571e-02	2.460283e-03
67	1.278000e-04	3.298973e-05	2.147301e-02	2.466222e-03
68	1.298181e-04	3.265904e-05	2.170050e-02	2.489886e-03
69	1.318967e-04	3.262308e-05	2.192792e-02	2.531205e-03
70	1.340362e-04	3.289232e-05	2.215497e-02	2.589262e-03
71	1.362354e-04	3.346255e-05	2.238127e-02	2.662504e-03
72	1.384926e-04	3.431725e-05	2.260644e-02	2.748994e-03
73	1.408055e-04	3.543092e-05	2.283009e-02	2.846613e-03
74	1.431709e-04	3.677241e-05	2.305179e-02	2.953196e-03
75	1.455850e-04	3.830803e-05	2.327106e-02	3.066628e-03
76	1.480432e-04	4.000416e-05	2.348743e-02	3.184924e-03
77	1.505409e-04	4.182905e-05	2.370040e-02	3.306275e-03
78	1.530733e-04	4.375391e-05	2.390951e-02	3.429072e-03
79	1.556359e-04	4.575327e-05	2.411430e-02	3.551908e-03
80	1.582241e-04	4.780507e-05	2.431434e-02	3.673566e-03
81	1.608340e-04	4.989042e-05	2.450926e-02	3.793010e-03
82	1.634615e-04	5.199332e-05	2.469867e-02	3.909366e-03
83	1.661025e-04	5.410027e-05	2.488222e-02	4.021908e-03
84	1.687529e-04	5.619988e-05	2.505953e-02	4.130042e-03
85	1.714078e-04	5.828247e-05	2.523018e-02	4.233288e-03
86	1.740613e-04	6.033961e-05	2.539371e-02	4.331268e-03
87	1.767058e-04	6.236360e-05	2.554953e-02	4.423677e-03
88	1.793317e-04	6.434686e-05	2.569694e-02	4.510256e-03
89	1.819272e-04	6.628119e-05	2.583511e-02	4.590758e-03
90	1.844781e-04	6.815700e-05	2.596311e-02	4.664896e-03
91	1.869684e-04	6.996251e-05	2.607992e-02	4.732297e-03
92	1.893811e-04	7.168312e-05	2.618454e-02	4.792458e-03
93	1.916990e-04	7.330099e-05	2.627604e-02	4.844709e-03
94	1.939060e-04	7.479507e-05	2.635366e-02	4.888203e-03
95	1.959881e-04	7.614142e-05	2.641687e-02	4.921921e-03
96	1.979343e-04	7.731387e-05	2.646540e-02	4.944701e-03
97	1.997374e-04	7.828466e-05	2.649932e-02	4.955258e-03
98	2.013941e-04	7.902485e-05	2.651899e-02	4.952199e-03
99	2.029054e-04	7.950426e-05	2.652512e-02	4.934011e-03
100	2.042757e-04	7.969108e-05	2.651864e-02	4.899035e-03
101	2.055122e-04	7.955131e-05	2.650068e-02	4.845435e-03
102	2.066238e-04	7.904860e-05	2.647251e-02	4.771187e-03
103	2.076205e-04	7.814483e-05	2.643540e-02	4.674106e-03
104	2.085124e-04	7.680169e-05	2.639059e-02	4.551919e-03
105	2.093091e-04	7.498317e-05	2.633917e-02	4.402369e-03
106	2.100196e-04	7.265911e-05	2.628203e-02	4.223351e-03
107	2.106511e-04	6.980970e-05	2.621975e-02	4.013066e-03
108	2.112088e-04	6.643213e-05	2.615251e-02	3.770222e-03
109	2.116955e-04	6.255090e-05	2.608006e-02	3.494348e-03
110	2.121116e-04	5.823557e-05	2.600161e-02	3.186367e-03
111	2.124566e-04	5.363184e-05	2.591596e-02	2.849752e-03
112	2.127323e-04	4.901417e-05	2.582155e-02	2.492957e-03
113	2.129473e-04	4.486411e-05	2.571673e-02	2.134611e-03
114	2.131228e-04	4.194591e-05	2.560005e-02	1.814225e-03
115	2.132996e-04	4.125158e-05	2.547067e-02	1.607706e-03
116	2.135432e-04	4.363191e-05	2.532878e-02	1.617164e-03
117	2.139480e-04	4.930484e-05	2.517602e-02	1.887377e-03
118	2.146367e-04	5.783409e-05	2.501579e-02	2.363281e-03
119	2.157545e-04	6.853570e-05	2.485353e-02	2.965749e-03
120	2.174586e-04	8.078133e-05	2.469673e-02	3.636628e-03
121	2.199063e-04	9.407555e-05	2.455500e-02	4.334904e-03
122	2.232466e-04	1.080394e-04	2.444009e-02	5.027519e-03
123	2.276147e-04	1.223853e-04	2.436562e-02	5.685276e-03
124	2.331265e-04	1.369035e-04	2.434581e-02	6.283155e-03
125	2.398724e-04	1.514558e-04	2.439305e-02	6.803510e-03
126	2.479131e-04	1.659683e-04	2.451501e-02	7.239798e-03
127	2.572795e-04	1.804168e-04	2.471275e-02	7.598039e-03
128	2.679726e-04	1.948085e-04	2.498082e-02	7.894333e-03
129	2.799641e-04	2.091623e-04	2.530938e-02	8.149119e-03
130	2.932017e-04	2.234896e-04	2.568721e-02	8.380783e-03
131	3.076216e-04	2.377805e-04	2.610443e-02	8.601340e-03
132	3.231669e-04	2.519967e-04	2.655416e-02	8.815358e-03
133	3.398015e-04	2.660770e-04	2.703270e-02	9.021591e-03
134	3.575110e-04	2.799478e-04	2.753863e-02	9.215721e-03
135	3.762924e-04	2.935280e-04	2.807148e-02	9.392493e-03
136	3.961324e-04	3.067164e-04	2.863055e-02	9.546542e-03
137	4.169810e-04	3.193692e-04	2.921393e-02	9.672440e-03
138	4.387373e-04	3.312913e-04	2.981803e-02	9.764804e-03
139	4.612615e-04	3.422620e-04	3.043805e-02	9.819011e-03
140	4.843987e-04	3.520824e-04	3.106854e-02	9.832254e-03
141	5.079833e-04	3.606098e-04	3.170331e-02	9.804295e-03
142	5.318227e-04	3.677724e-04	3.233489e-02	9.737658e-03
143	5.556872e-04	3.735689e-04	3.295454e-02	9.637135e-03
144	5.793406e-04	3.780496e-04	3.355389e-02	9.508377e-03
145	6.025999e-04	3.812838e-04	3.412722e-02	9.356350e-03
146	6.253702e-04	3.833401e-04	3.467235e-02	9.184839e-03
147	6.476353e-04	3.842851e-04	3.518981e-02	8.996781e-03
148	6.694316e-04	3.841840e-04	3.568169e-02	8.794447e-03
149	6.908360e-04	3.830933e-04	3.615121e-02	8.579267e-03
150	7.119527e-04	3.810579e-04	3.660223e-02	8.352013e-03
151	7.328883e-04	3.781231e-04	3.703833e-02	8.113442e-03
152	7.537366e-04	3.743426e-04	3.746235e-02	7.864726e-03
153	7.745790e-04	3.697787e-04	3.787644e-02	7.607611e-03
154	7.954889e-04	3.645029e-04	3.828228e-02	7.344528e-03
155	8.165337e-04	3.585984e-04	3.868117e-02	7.078680e-03
156	8.377757e-04	3.521635e-04	3.907407e-02	6.814044e-03
157	8.592708e-04	3.453135e-04	3.946171e-02	6.555269e-03
158	8.810659e-04	3.381807e-04	3.984455e-02	6.307454e-03
159	9.031971e-04	3.309119e-04	4.022282e-02	6.075852e-03
160	9.256861e-04	3.236647e-04	4.059651e-02	5.865542e-03
161	9.485386e-04	3.166028e-04	4.096539e-02	5.681085e-03
162	9.717430e-04	3.098908e-04	4.132901e-02	5.526214e-03
163	9.952707e-04	3.036889e-04	4.168672e-02	5.403566e-03
164	1.019078e-03	2.981476e-04	4.203772e-02	5.314489e-03
165	1.043106e-03	2.934019e-04	4.238110e-02	5.258971e-03
166	1.067289e-03	2.895661e-04	4.271593e-02	5.235698e-03
167	1.091554e-03	2.867305e-04	4.304131e-02	5.242276e-03
168	1.115831e-03	2.849593e-04	4.335648e-02	5.275560e-03
169	1.140054e-03	2.842928e-04	4.366086e-02	5.332024e-03
170	1.164169e-03	2.847490e-04	4.395414e-02	5.408088e-03
171	1.188135e-03	2.863274e-04	4.423632e-02	5.500358e-03
172	1.211929e-03	2.890127e-04	4.450767e-02	5.605761e-03
173	1.235544e-03	2.927775e-04	4.476875e-02	5.721607e-03
174	1.258990e-03	2.975854e-04	4.502036e-02	5.845571e-03
175	1.282286e-03	3.033915e-04	4.526346e-02	5.975656e-03
176	1.305467e-03	3.101436e-04	4.549916e-02	6.110119e-03
177	1.328572e-03	3.177825e-04	4.572864e-02	6.247423e-03
178	1.351648e-03	3.262426e-04	4.595309e-02	6.386188e-03
179	1.374738e-03	3.354532e-04	4.617364e-02	6.525166e-03
180	1.397882e-03	3.453391e-04	4.639127e-02	6.663212e-03
181	1.421114e-03	3.558199e-04	4.660685e-02	6.799256e-03
182	1.444467e-03	3.668069e-04	4.682114e-02	6.932256e-03
183	1.467972e-03	3.782001e-04	4.703489e-02	7.061147e-03
184	1.491661e-03	3.898866e-04	4.724888e-02	7.184812e-03
185	1.515571e-03	4.017412e-04	4.746390e-02	7.302075e-03
186	1.539736e-03	4.136293e-04	4.768075e-02	7.411738e-03
187	1.564192e-03	4.254116e-04	4.790016e-02	7.512641e-03
188	1.588967e-03	4.369482e-04	4.812278e-02	7.603716e-03
189	1.614083e-03	4.481037e-04	4.834910e-02	7.684026e-03
190	1.639557e-03	4.587501e-04	4.857949e-02	7.752785e-03
191	1.665398e-03	4.687695e-04	4.881420e-02	7.809357e-03
192	1.691611e-03	4.780562e-04	4.905338e-02	7.853259e-03
193	1.718198e-03	4.865190e-04	4.929712e-02	7.884152e-03
194	1.745162e-03	4.940828e-04	4.954547e-02	7.901849e-03
195	1.772507e-03	5.006915e-04	4.979850e-02	7.906330e-03
196	1.800242e-03	5.063098e-04	5.005627e-02	7.897754e-03
197	1.828381e-03	5.109253e-04	5.031892e-02	7.876485e-03
198	1.856947e-03	5.145507e-04	5.058662e-02	7.843111e-03
