t_index	avg_L2_error	std_L2_error	avg_relative_error	std_relative_error
0	1.818685e-04	1.118063e-04	1.591829e-02	2.222812e-03
1	3.366763e-04	1.657624e-04	2.317340e-02	4.353613e-03
2	5.772405e-04	2.425213e-04	3.186447e-02	6.956460e-03
3	8.736797e-04	3.449393e-04	4.071239e-02	9.713631e-03
4	1.198794e-03	4.557099e-04	4.932906e-02	1.254923e-02
5	1.535677e-03	5.656723e-04	5.761032e-02	1.542982e-02
6	1.872444e-03	6.697528e-04	6.551111e-02	1.832496e-02
7	2.200862e-03	7.652647e-04	7.300897e-02	2.120246e-02
8	2.515279e-03	8.511107e-04	8.008901e-02	2.402902e-02
9	2.811821e-03	9.271833e-04	8.673795e-02	2.677153e-02
10	3.087903e-03	9.937878e-04	9.294402e-02	2.939700e-02
11	3.341786e-03	1.051355e-03	9.869542e-02	3.187392e-02
12	3.572263e-03	1.100317e-03	1.039797e-01	3.417348e-02
13	3.778496e-03	1.141062e-03	1.087848e-01	3.627061e-02
14	3.960005e-03	1.173982e-03	1.131008e-01	3.814463e-02
15	4.116711e-03	1.199537e-03	1.169218e-01	3.977902e-02
16	4.248913e-03	1.218277e-03	1.202469e-01	4.116119e-02
17	4.357221e-03	1.230830e-03	1.230800e-01	4.228298e-02
18	4.442503e-03	1.237868e-03	1.254303e-01	4.314126e-02
19	4.505878e-03	1.240051e-03	1.273124e-01	4.373784e-02
20	4.548666e-03	1.237980e-03	1.287458e-01	4.407923e-02
21	4.572330e-03	1.232177e-03	1.297545e-01	4.417597e-02
22	4.578414e-03	1.223060e-03	1.303655e-01	4.404204e-02
23	4.568492e-03	1.210950e-03	1.306085e-01	4.369394e-02
24	4.544123e-03	1.196088e-03	1.305140e-01	4.314988e-02
25	4.506821e-03	1.178652e-03	1.301131e-01	4.242898e-02
26	4.458031e-03	1.158779e-03	1.294365e-01	4.155054e-02
27	4.399121e-03	1.136591e-03	1.285141e-01	4.053346e-02
28	4.331390e-03	1.112218e-03	1.273748e-01	3.939582e-02
29	4.256076e-03	1.085817e-03	1.260462e-01	3.815456e-02
30	4.174362e-03	1.057582e-03	1.245546e-01	3.682535e-02
31	4.087377e-03	1.027756e-03	1.229250e-01	3.542255e-02
32	3.996208e-03	9.966315e-04	1.211812e-01	3.395918e-02
33	3.901903e-03	9.645567e-04	1.193458e-01	3.244710e-02
34	3.805475e-03	9.319319e-04	1.174403e-01	3.089702e-02
35	3.707904e-03	8.992068e-04	1.154851e-01	2.931873e-02
36	3.610138e-03	8.668744e-04	1.134997e-01	2.772121e-02
37	3.513094e-03	8.354618e-04	1.115029e-01	2.611287e-02
38	3.417659e-03	8.055186e-04	1.095126e-01	2.450170e-02
39	3.324688e-03	7.776005e-04	1.075460e-01	2.289555e-02
40	3.235006e-03	7.522487e-04	1.056197e-01	2.130234e-02
41	3.149402e-03	7.299635e-04	1.037500e-01	1.973032e-02
42	3.068629e-03	7.111756e-04	1.019522e-01	1.818833e-02
43	2.993401e-03	6.962146e-04	1.002415e-01	1.668602e-02
44	2.924389e-03	6.852818e-04	9.863238e-02	1.523412e-02
45	2.862216e-03	6.784321e-04	9.713856e-02	1.384456e-02
46	2.807457e-03	6.755677e-04	9.577323e-02	1.253067e-02
47	2.760635e-03	6.764488e-04	9.454875e-02	1.130715e-02
48	2.722220e-03	6.807179e-04	9.347648e-02	1.018994e-02
49	2.692626e-03	6.879336e-04	9.256672e-02	9.195575e-03
50	2.672211e-03	6.976078e-04	9.182843e-02	8.340050e-03
51	2.661281e-03	7.092412e-04	9.126905e-02	7.636652e-03
52	2.660086e-03	7.223515e-04	9.089432e-02	7.092978e-03
53	2.668823e-03	7.364950e-04	9.070808e-02	6.707801e-03
54	2.687639e-03	7.512793e-04	9.071209e-02	6.469333e-03
55	2.716632e-03	7.663700e-04	9.090601e-02	6.356340e-03
56	2.755851e-03	7.814923e-04	9.128737e-02	6.342052e-03
57	2.805304e-03	7.964291e-04	9.185162e-02	6.399127e-03
58	2.864951e-03	8.110176e-04	9.259234e-02	6.503607e-03
59	2.934716e-03	8.251439e-04	9.350147e-02	6.636946e-03
60	3.014482e-03	8.387388e-04	9.456956e-02	6.786330e-03
61	3.104098e-03	8.517726e-04	9.578614e-02	6.943973e-03
62	3.203380e-03	8.642509e-04	9.713999e-02	7.106035e-03
63	3.312113e-03	8.762112e-04	9.861948e-02	7.271495e-03
64	3.430058e-03	8.877193e-04	1.002128e-01	7.441182e-03
65	3.556952e-03	8.988666e-04	1.019083e-01	7.616992e-03
66	3.692513e-03	9.097676e-04	1.036945e-01	7.801308e-03
67	3.836446e-03	9.205574e-04	1.055603e-01	7.996576e-03
68	3.988443e-03	9.313886e-04	1.074954e-01	8.205038e-03
69	4.148192e-03	9.424288e-04	1.094899e-01	8.428559e-03
70	4.315377e-03	9.538574e-04	1.115345e-01	8.668558e-03
71	4.489681e-03	9.658624e-04	1.136207e-01	8.925989e-03
72	4.670791e-03	9.786381e-04	1.157408e-01	9.201365e-03
73	4.858394e-03	9.923814e-04	1.178875e-01	9.494796e-03
74	5.052182e-03	1.007289e-03	1.200540e-01	9.806044e-03
75	5.251851e-03	1.023553e-03	1.222344e-01	1.013457e-02
76	5.457098e-03	1.041358e-03	1.244229e-01	1.047957e-02
77	5.667620e-03	1.060876e-03	1.266144e-01	1.084004e-02
78	5.883119e-03	1.082262e-03	1.288039e-01	1.121482e-02
79	6.103296e-03	1.105651e-03	1.309871e-01	1.160265e-02
80	6.327855e-03	1.131154e-03	1.331596e-01	1.200219e-02
81	6.556502e-03	1.158858e-03	1.353177e-01	1.241212e-02
82	6.788947e-03	1.188826e-03	1.374577e-01	1.283113e-02
83	7.024902e-03	1.221096e-03	1.395763e-01	1.325797e-02
84	7.264079e-03	1.255684e-03	1.416702e-01	1.369144e-02
85	7.506192e-03	1.292583e-03	1.437365e-01	1.413040e-02
86	7.750957e-03	1.331769e-03	1.457724e-01	1.457379e-02
87	7.998087e-03	1.373199e-03	1.477752e-01	1.502058e-02
88	8.247296e-03	1.416814e-03	1.497424e-01	1.546978e-02
89	8.498297e-03	1.462540e-03	1.516715e-01	1.592044e-02
90	8.750806e-03	1.510288e-03	1.535602e-01	1.637161e-02
91	9.004537e-03	1.559954e-03	1.554065e-01	1.682234e-02
92	9.259209e-03	1.611422e-03	1.572083e-01	1.727167e-02
93	9.514546e-03	1.664562e-03	1.589638e-01	1.771863e-02
94	9.770274e-03	1.719235e-03	1.606712e-01	1.816222e-02
95	1.002613e-02	1.775289e-03	1.623290e-01	1.860145e-02
96	1.028184e-02	1.832571e-03	1.639357e-01	1.903533e-02
97	1.053715e-02	1.890921e-03	1.654899e-01	1.946291e-02
98	1.079181e-02	1.950185e-03	1.669905e-01	1.988330e-02
99	1.104554e-02	2.010215e-03	1.684363e-01	2.029570e-02
100	1.129809e-02	2.070873e-03	1.698260e-01	2.069941e-02
101	1.154918e-02	2.132035e-03	1.711587e-01	2.109385e-02
102	1.179856e-02	2.193591e-03	1.724334e-01	2.147855e-02
103	1.204594e-02	2.255444e-03	1.736490e-01	2.185312e-02
104	1.229104e-02	2.317507e-03	1.748047e-01	2.221726e-02
105	1.253361e-02	2.379703e-03	1.758997e-01	2.257071e-02
106	1.277338e-02	2.441956e-03	1.769334e-01	2.291318e-02
107	1.301010e-02	2.504189e-03	1.779053e-01	2.324437e-02
108	1.324352e-02	2.566315e-03	1.788152e-01	2.356391e-02
109	1.347344e-02	2.628238e-03	1.796628e-01	2.387135e-02
110	1.369963e-02	2.689846e-03	1.804484e-01	2.416612e-02
111	1.392191e-02	2.751015e-03	1.811720e-01	2.444759e-02
112	1.414009e-02	2.811612e-03	1.818340e-01	2.471509e-02
113	1.435400e-02	2.871498e-03	1.824348e-01	2.496795e-02
114	1.456346e-02	2.930541e-03	1.829750e-01	2.520553e-02
115	1.476830e-02	2.988610e-03	1.834551e-01	2.542724e-02
116	1.496835e-02	3.045582e-03	1.838755e-01	2.563257e-02
117	1.516344e-02	3.101342e-03	1.842371e-01	2.582107e-02
118	1.535342e-02	3.155777e-03	1.845405e-01	2.599235e-02
119	1.553814e-02	3.208783e-03	1.847866e-01	2.614605e-02
120	1.571746e-02	3.260256e-03	1.849761e-01	2.628186e-02
121	1.589127e-02	3.310097e-03	1.851103e-01	2.639954e-02
122	1.605946e-02	3.358211e-03	1.851901e-01	2.649888e-02
123	1.622194e-02	3.404508e-03	1.852167e-01	2.657976e-02
124	1.637862e-02	3.448904e-03	1.851914e-01	2.664209e-02
125	1.652943e-02	3.491321e-03	1.851155e-01	2.668590e-02
126	1.667433e-02	3.531691e-03	1.849905e-01	2.671129e-02
127	1.681327e-02	3.569958e-03	1.848178e-01	2.671843e-02
128	1.694622e-02	3.606076e-03	1.845989e-01	2.670761e-02
129	1.707317e-02	3.640015e-03	1.843354e-01	2.667919e-02
130	1.719414e-02	3.671756e-03	1.840291e-01	2.663360e-02
131	1.730914e-02	3.701295e-03	1.836815e-01	2.657135e-02
132	1.741820e-02	3.728642e-03	1.832945e-01	2.649304e-02
133	1.752139e-02	3.753817e-03	1.828698e-01	2.639928e-02
134	1.761877e-02	3.776856e-03	1.824093e-01	2.629076e-02
135	1.771040e-02	3.797795e-03	1.819147e-01	2.616818e-02
136	1.779638e-02	3.816664e-03	1.813879e-01	2.603218e-02
137	1.787683e-02	3.833480e-03	1.808309e-01	2.588330e-02
138	1.795187e-02	3.848239e-03	1.802456e-01	2.572199e-02
139	1.802162e-02	3.860939e-03	1.796340e-01	2.554868e-02
140	1.808623e-02	3.871587e-03	1.789979e-01	2.536389e-02
141	1.814583e-02	3.880211e-03	1.783392e-01	2.516821e-02
142	1.820055e-02	3.886854e-03	1.776596e-01	2.496232e-02
143	1.825055e-02	3.891567e-03	1.769609e-01	2.474694e-02
144	1.829598e-02	3.894406e-03	1.762449e-01	2.452280e-02
145	1.833704e-02	3.895424e-03	1.755134e-01	2.429057e-02
146	1.837392e-02	3.894666e-03	1.747683e-01	2.405088e-02
147	1.840684e-02	3.892174e-03	1.740113e-01	2.380430e-02
148	1.843603e-02	3.887981e-03	1.732444e-01	2.355134e-02
149	1.846172e-02	3.882111e-03	1.724694e-01	2.329242e-02
150	1.848414e-02	3.874580e-03	1.716880e-01	2.302790e-02
151	1.850355e-02	3.865394e-03	1.709019e-01	2.275806e-02
152	1.852018e-02	3.854542e-03	1.701128e-01	2.248305e-02
153	1.853427e-02	3.842002e-03	1.693224e-01	2.220294e-02
154	1.854608e-02	3.827733e-03	1.685324e-01	2.191769e-02
155	1.855588e-02	3.811688e-03	1.677442e-01	2.162717e-02
156	1.856393e-02	3.793812e-03	1.669595e-01	2.133122e-02
157	1.857052e-02	3.774054e-03	1.661800e-01	2.102968e-02
158	1.857595e-02	3.752366e-03	1.654072e-01	2.072239e-02
159	1.858052e-02	3.728712e-03	1.646428e-01	2.040927e-02
160	1.858454e-02	3.703065e-03	1.638883e-01	2.009026e-02
161	1.858832e-02	3.675415e-03	1.631451e-01	1.976540e-02
162	1.859217e-02	3.645763e-03	1.624148e-01	1.943478e-02
163	1.859638e-02	3.614125e-03	1.616987e-01	1.909857e-02
164	1.860126e-02	3.580532e-03	1.609981e-01	1.875702e-02
165	1.860707e-02	3.545027e-03	1.603142e-01	1.841041e-02
166	1.861410e-02	3.507664e-03	1.596480e-01	1.805908e-02
167	1.862261e-02	3.468504e-03	1.590005e-01	1.770339e-02
168	1.863284e-02	3.427615e-03	1.583728e-01	1.734374e-02
169	1.864502e-02	3.385068e-03	1.577655e-01	1.698053e-02
170	1.865938e-02	3.340939e-03	1.571796e-01	1.661415e-02
171	1.867612e-02	3.295301e-03	1.566154e-01	1.624501e-02
172	1.869542e-02	3.248229e-03	1.560738e-01	1.587348e-02
173	1.871744e-02	3.199791e-03	1.555549e-01	1.549995e-02
174	1.874233e-02	3.150058e-03	1.550593e-01	1.512478e-02
175	1.877022e-02	3.099093e-03	1.545872e-01	1.474832e-02
176	1.880122e-02	3.046959e-03	1.541387e-01	1.437090e-02
177	1.883544e-02	2.993718e-03	1.537141e-01	1.399287e-02
178	1.887295e-02	2.939432e-03	1.533133e-01	1.361457e-02
179	1.891383e-02	2.884164e-03	1.529363e-01	1.323632e-02
180	1.895815e-02	2.827978e-03	1.525832e-01	1.285848e-02
181	1.900597e-02	2.770941e-03	1.522539e-01	1.248138e-02
182	1.905733e-02	2.713119e-03	1.519481e-01	1.210537e-02
183	1.911227e-02	2.654576e-03	1.516659e-01	1.173077e-02
184	1.917082e-02	2.595378e-03	1.514070e-01	1.135790e-02
185	1.923299e-02	2.535588e-03	1.511711e-01	1.098708e-02
186	1.929877e-02	2.475269e-03	1.509580e-01	1.061862e-02
187	1.936817e-02	2.414485e-03	1.507673e-01	1.025283e-02
188	1.944115e-02	2.353304e-03	1.505986e-01	9.890007e-03
189	1.951768e-02	2.291796e-03	1.504516e-01	9.530474e-03
190	1.959771e-02	2.230036e-03	1.503257e-01	9.174552e-03
191	1.968119e-02	2.168099e-03	1.502205e-01	8.822562e-03
192	1.976805e-02	2.106066e-03	1.501354e-01	8.474831e-03
193	1.985820e-02	2.044018e-03	1.500699e-01	8.131684e-03
194	1.995156e-02	1.982040e-03	1.500234e-01	7.793443e-03
195	2.004801e-02	1.920217e-03	1.499952e-01	7.460434e-03
196	2.014747e-02	1.858641e-03	1.499848e-01	7.132982e-03
197	2.024980e-02	1.797406e-03	1.499915e-01	6.811421e-03
198	2.035491e-02	1.736611e-03	1.500147e-01	6.496090e-03
