t_index	avg_L2_error	std_L2_error	avg_relative_error	std_relative_error
0	7.850458e-05	5.320059e-05	1.044081e-02	1.560256e-03
1	6.299034e-05	5.045453e-05	9.604599e-03	2.203908e-03
2	6.488735e-05	4.912056e-05	1.030200e-02	2.463201e-03
3	7.224670e-05	4.974530e-05	1.147828e-02	2.746463e-03
4	8.168705e-05	5.123498e-05	1.279220e-02	3.043042e-03
5	9.151126e-05	5.276072e-05	1.408933e-02	3.322312e-03
6	1.007791e-04	5.377081e-05	1.529617e-02	3.570285e-03
7	1.090601e-04	5.406819e-05	1.638079e-02	3.782260e-03
8	1.161578e-04	5.366129e-05	1.732655e-02	3.951102e-03
9	1.220315e-04	5.257983e-05	1.812950e-02	4.069953e-03
10	1.267308e-04	5.086101e-05	1.879361e-02	4.136203e-03
11	1.303472e-04	4.856484e-05	1.932663e-02	4.150286e-03
12	1.330295e-04	4.579233e-05	1.974151e-02	4.117664e-03
13	1.349397e-04	4.270351e-05	2.005227e-02	4.046346e-03
14	1.362228e-04	3.947487e-05	2.027238e-02	3.945384e-03
15	1.370038e-04	3.626138e-05	2.041518e-02	3.824899e-03
16	1.374101e-04	3.317876e-05	2.049510e-02	3.694380e-03
17	1.375573e-04	3.031482e-05	2.052576e-02	3.561417e-03
18	1.375360e-04	2.774309e-05	2.051857e-02	3.431371e-03
19	1.374149e-04	2.551952e-05	2.048283e-02	3.307364e-03
20	1.372136e-04	2.364084e-05	2.042413e-02	3.190378e-03
21	1.369149e-04	2.206513e-05	2.034507e-02	3.080125e-03
22	1.365029e-04	2.075182e-05	2.024779e-02	2.975843e-03
23	1.359695e-04	1.966017e-05	2.013451e-02	2.876601e-03
24	1.353105e-04	1.874638e-05	2.000740e-02	2.781427e-03
25	1.345272e-04	1.796762e-05	1.986862e-02	2.689352e-03
26	1.336258e-04	1.728578e-05	1.972038e-02	2.599476e-03
27	1.326187e-04	1.666922e-05	1.956500e-02	2.511084e-03
28	1.315234e-04	1.609262e-05	1.940491e-02	2.423773e-03
29	1.303626e-04	1.553545e-05	1.924269e-02	2.337536e-03
30	1.291619e-04	1.498084e-05	1.908098e-02	2.252781e-03
31	1.279488e-04	1.441521e-05	1.892240e-02	2.170287e-03
32	1.267503e-04	1.382933e-05	1.876940e-02	2.091114e-03
33	1.255919e-04	1.322030e-05	1.862417e-02	2.016526e-03
34	1.244964e-04	1.259456e-05	1.848858e-02	1.947942e-03
35	1.234830e-04	1.197177e-05	1.836411e-02	1.886941e-03
36	1.225673e-04	1.138912e-05	1.825184e-02	1.835279e-03
37	1.217609e-04	1.090530e-05	1.815245e-02	1.794901e-03
38	1.210719e-04	1.060067e-05	1.806627e-02	1.767894e-03
39	1.205057e-04	1.056871e-05	1.799333e-02	1.756347e-03
40	1.200653e-04	1.089482e-05	1.793344e-02	1.762131e-03
41	1.197526e-04	1.162981e-05	1.788628e-02	1.786626e-03
42	1.195691e-04	1.277616e-05	1.785149e-02	1.830492e-03
43	1.195153e-04	1.429667e-05	1.782864e-02	1.893542e-03
44	1.195916e-04	1.613473e-05	1.781735e-02	1.974774e-03
45	1.197976e-04	1.823120e-05	1.781718e-02	2.072520e-03
46	1.201321e-04	2.053290e-05	1.782773e-02	2.184658e-03
47	1.205932e-04	2.299488e-05	1.784859e-02	2.308830e-03
48	1.211779e-04	2.558011e-05	1.787935e-02	2.442631e-03
49	1.218830e-04	2.825816e-05	1.791961e-02	2.583742e-03
50	1.227045e-04	3.100399e-05	1.796899e-02	2.730013e-03
51	1.236383e-04	3.379672e-05	1.802713e-02	2.879510e-03
52	1.246804e-04	3.661873e-05	1.809370e-02	3.030515e-03
53	1.258270e-04	3.945486e-05	1.816840e-02	3.181530e-03
54	1.270744e-04	4.229189e-05	1.825096e-02	3.331251e-03
55	1.284195e-04	4.511813e-05	1.834114e-02	3.478556e-03
56	1.298589e-04	4.792312e-05	1.843869e-02	3.622488e-03
57	1.313895e-04	5.069752e-05	1.854338e-02	3.762241e-03
58	1.330082e-04	5.343297e-05	1.865492e-02	3.897145e-03
59	1.347116e-04	5.612205e-05	1.877305e-02	4.026648e-03
60	1.364966e-04	5.875820e-05	1.889744e-02	4.150307e-03
61	1.383602e-04	6.133568e-05	1.902779e-02	4.267774e-03
62	1.402990e-04	6.384966e-05	1.916373e-02	4.378796e-03
63	1.423096e-04	6.629613e-05	1.930485e-02	4.483211e-03
64	1.443875e-04	6.867193e-05	1.945067e-02	4.580943e-03
65	1.465276e-04	7.097461e-05	1.960063e-02	4.671993e-03
66	1.487240e-04	7.320221e-05	1.975407e-02	4.756421e-03
67	1.509699e-04	7.535306e-05	1.991030e-02	4.834336e-03
68	1.532580e-04	7.742540e-05	2.006855e-02	4.905863e-03
69	1.555804e-04	7.941711e-05	2.022804e-02	4.971127e-03
70	1.579290e-04	8.132555e-05	2.038797e-02	5.030242e-03
71	1.602949e-04	8.314755e-05	2.054752e-02	5.083304e-03
72	1.626690e-04	8.487931e-05	2.070586e-02	5.130388e-03
73	1.650417e-04	8.651646e-05	2.086214e-02	5.171548e-03
74	1.674034e-04	8.805411e-05	2.101554e-02	5.206809e-03
75	1.697444e-04	8.948681e-05	2.116526e-02	5.236171e-03
76	1.720554e-04	9.080850e-05	2.131055e-02	5.259595e-03
77	1.743266e-04	9.201203e-05	2.145069e-02	5.276980e-03
78	1.765482e-04	9.308869e-05	2.158496e-02	5.288143e-03
79	1.787092e-04	9.402763e-05	2.171265e-02	5.292789e-03
80	1.807978e-04	9.481584e-05	2.183304e-02	5.290516e-03
81	1.828015e-04	9.543885e-05	2.194541e-02	5.280849e-03
82	1.847078e-04	9.588233e-05	2.204910e-02	5.263309e-03
83	1.865057e-04	9.613420e-05	2.214351e-02	5.237507e-03
84	1.881868e-04	9.618670e-05	2.222821e-02	5.203228e-03
85	1.897456e-04	9.603738e-05	2.230290e-02	5.160473e-03
86	1.911795e-04	9.568845e-05	2.236744e-02	5.109420e-03
87	1.924872e-04	9.514467e-05	2.242176e-02	5.050338e-03
88	1.936674e-04	9.441064e-05	2.246578e-02	4.983478e-03
89	1.947172e-04	9.348885e-05	2.249938e-02	4.908998e-03
90	1.956313e-04	9.237884e-05	2.252231e-02	4.826951e-03
91	1.964025e-04	9.107811e-05	2.253426e-02	4.737342e-03
92	1.970225e-04	8.958410e-05	2.253482e-02	4.640234e-03
93	1.974828e-04	8.789682e-05	2.252356e-02	4.535880e-03
94	1.977758e-04	8.602115e-05	2.250006e-02	4.424841e-03
95	1.978959e-04	8.396881e-05	2.246391e-02	4.308089e-03
96	1.978397e-04	8.175970e-05	2.241479e-02	4.187079e-03
97	1.976063e-04	7.942297e-05	2.235242e-02	4.063811e-03
98	1.971983e-04	7.699788e-05	2.227666e-02	3.940873e-03
99	1.966216e-04	7.453432e-05	2.218747e-02	3.821457e-03
100	1.958863e-04	7.209321e-05	2.208503e-02	3.709357e-03
101	1.950067e-04	6.974673e-05	2.196971e-02	3.608922e-03
102	1.940016e-04	6.757854e-05	2.184209e-02	3.524974e-03
103	1.928947e-04	6.568385e-05	2.170303e-02	3.462667e-03
104	1.917149e-04	6.416882e-05	2.155363e-02	3.427259e-03
105	1.904962e-04	6.314813e-05	2.139525e-02	3.423782e-03
106	1.892778e-04	6.273921e-05	2.122952e-02	3.456592e-03
107	1.881037e-04	6.305222e-05	2.105827e-02	3.528854e-03
108	1.870220e-04	6.417674e-05	2.088355e-02	3.642048e-03
109	1.860834e-04	6.616763e-05	2.070765e-02	3.795615e-03
110	1.853411e-04	6.903402e-05	2.053310e-02	3.986780e-03
111	1.848488e-04	7.273429e-05	2.036276e-02	4.210562e-03
112	1.846598e-04	7.717760e-05	2.019988e-02	4.459929e-03
113	1.848245e-04	8.223102e-05	2.004816e-02	4.726050e-03
114	1.853870e-04	8.773005e-05	1.991170e-02	4.998676e-03
115	1.863813e-04	9.349119e-05	1.979481e-02	5.266639e-03
116	1.878269e-04	9.932487e-05	1.970169e-02	5.518489e-03
117	1.897271e-04	1.050472e-04	1.963612e-02	5.743205e-03
118	1.920718e-04	1.104888e-04	1.960124e-02	5.930949e-03
119	1.948444e-04	1.155005e-04	1.959934e-02	6.073801e-03
120	1.980299e-04	1.199558e-04	1.963190e-02	6.166452e-03
121	2.016213e-04	1.237525e-04	1.969938e-02	6.206722e-03
122	2.056217e-04	1.268111e-04	1.980118e-02	6.195709e-03
123	2.100425e-04	1.290732e-04	1.993556e-02	6.137438e-03
124	2.148984e-04	1.304990e-04	2.009984e-02	6.038104e-03
125	2.201994e-04	1.310691e-04	2.029044e-02	5.905208e-03
126	2.259422e-04	1.307887e-04	2.050293e-02	5.746864e-03
127	2.321046e-04	1.296909e-04	2.073224e-02	5.571242e-03
128	2.386481e-04	1.278346e-04	2.097310e-02	5.386069e-03
129	2.455246e-04	1.253001e-04	2.122055e-02	5.198229e-03
130	2.526839e-04	1.221881e-04	2.147031e-02	5.013598e-03
131	2.600826e-04	1.186213e-04	2.171915e-02	4.837055e-03
132	2.676917e-04	1.147472e-04	2.196502e-02	4.672534e-03
133	2.755046e-04	1.107353e-04	2.220730e-02	4.522996e-03
134	2.835456e-04	1.067700e-04	2.244692e-02	4.390371e-03
135	2.918773e-04	1.030413e-04	2.268650e-02	4.275622e-03
136	3.006010e-04	9.973846e-05	2.293008e-02	4.178997e-03
137	3.098453e-04	9.704858e-05	2.318244e-02	4.100383e-03
138	3.197408e-04	9.515620e-05	2.344794e-02	4.039774e-03
139	3.303883e-04	9.424596e-05	2.372925e-02	3.998033e-03
140	3.418349e-04	9.449887e-05	2.402653e-02	3.977404e-03
141	3.540781e-04	9.605466e-05	2.433807e-02	3.980389e-03
142	3.670935e-04	9.895027e-05	2.466170e-02	4.007485e-03
143	3.808541e-04	1.030905e-04	2.499578e-02	4.056122e-03
144	3.953396e-04	1.082609e-04	2.533937e-02	4.120951e-03
145	4.105372e-04	1.141634e-04	2.569216e-02	4.194757e-03
146	4.264391e-04	1.204586e-04	2.605423e-02	4.269613e-03
147	4.430365e-04	1.268137e-04	2.642560e-02	4.338208e-03
148	4.603134e-04	1.329459e-04	2.680595e-02	4.395026e-03
149	4.782422e-04	1.386437e-04	2.719437e-02	4.436693e-03
150	4.967871e-04	1.437557e-04	2.758963e-02	4.461380e-03
151	5.159255e-04	1.481545e-04	2.799091e-02	4.467585e-03
152	5.356733e-04	1.517114e-04	2.839858e-02	4.453434e-03
153	5.560771e-04	1.543204e-04	2.881365e-02	4.417570e-03
154	5.771871e-04	1.559341e-04	2.923689e-02	4.360206e-03
155	5.990488e-04	1.565686e-04	2.966863e-02	4.283091e-03
156	6.217064e-04	1.562871e-04	3.010898e-02	4.188933e-03
157	6.452050e-04	1.551806e-04	3.055798e-02	4.080845e-03
158	6.695883e-04	1.533525e-04	3.101562e-02	3.961962e-03
159	6.948926e-04	1.509057e-04	3.148175e-02	3.835182e-03
160	7.211385e-04	1.479333e-04	3.195591e-02	3.702980e-03
161	7.483227e-04	1.445111e-04	3.243723e-02	3.567296e-03
162	7.764123e-04	1.406918e-04	3.292434e-02	3.429445e-03
163	8.053416e-04	1.364989e-04	3.341538e-02	3.290048e-03
164	8.350109e-04	1.319200e-04	3.390799e-02	3.148952e-03
165	8.652904e-04	1.269046e-04	3.439950e-02	3.005265e-03
166	8.960306e-04	1.213740e-04	3.488706e-02	2.857598e-03
167	9.270781e-04	1.152425e-04	3.536801e-02	2.704498e-03
168	9.582946e-04	1.084500e-04	3.584016e-02	2.544994e-03
169	9.895724e-04	1.009952e-04	3.630198e-02	2.379104e-03
170	1.020842e-03	9.296508e-05	3.675269e-02	2.208147e-03
171	1.052067e-03	8.455917e-05	3.719215e-02	2.034840e-03
172	1.083231e-03	7.612080e-05	3.762055e-02	1.863296e-03
173	1.114327e-03	6.818913e-05	3.803820e-02	1.699077e-03
174	1.145346e-03	6.156666e-05	3.844539e-02	1.549342e-03
175	1.176271e-03	5.732230e-05	3.884233e-02	1.422887e-03
176	1.207087e-03	5.653629e-05	3.922921e-02	1.329510e-03
177	1.237776e-03	5.973582e-05	3.960627e-02	1.278036e-03
178	1.268333e-03	6.655535e-05	3.997397e-02	1.273209e-03
179	1.298771e-03	7.606846e-05	4.033306e-02	1.313345e-03
180	1.329120e-03	8.731174e-05	4.068460e-02	1.390887e-03
181	1.359427e-03	9.952391e-05	4.102983e-02	1.495391e-03
182	1.389745e-03	1.121580e-04	4.137008e-02	1.616538e-03
183	1.420135e-03	1.248317e-04	4.170672e-02	1.745764e-03
184	1.450660e-03	1.372832e-04	4.204107e-02	1.876691e-03
185	1.481392e-03	1.493462e-04	4.237447e-02	2.005004e-03
186	1.512406e-03	1.609352e-04	4.270823e-02	2.128156e-03
187	1.543788e-03	1.720343e-04	4.304367e-02	2.245032e-03
188	1.575623e-03	1.826795e-04	4.338198e-02	2.355536e-03
189	1.607979e-03	1.929280e-04	4.372408e-02	2.460053e-03
190	1.640887e-03	2.028212e-04	4.407030e-02	2.558894e-03
191	1.674326e-03	2.123577e-04	4.442027e-02	2.651928e-03
192	1.708215e-03	2.214846e-04	4.477293e-02	2.738486e-03
193	1.742425e-03	2.301080e-04	4.512661e-02	2.817503e-03
194	1.776791e-03	2.381126e-04	4.547933e-02	2.887772e-03
195	1.811133e-03	2.453827e-04	4.582897e-02	2.948188e-03
196	1.845270e-03	2.518207e-04	4.617348e-02	2.997927e-03
197	1.879039e-03	2.573607e-04	4.651111e-02	3.036586e-03
198	1.912310e-03	2.619829e-04	4.684051e-02	3.064294e-03
