t_index	avg_L2_error	std_L2_error	avg_relative_error	std_relative_error
0	1.171220e-04	9.663516e-05	1.253616e-02	2.832804e-03
1	1.506528e-04	1.210229e-04	1.521317e-02	4.238532e-03
2	2.120764e-04	1.480794e-04	1.942903e-02	5.836515e-03
3	2.874016e-04	1.835711e-04	2.389467e-02	7.673553e-03
4	3.639693e-04	2.182565e-04	2.809812e-02	9.481222e-03
5	4.350647e-04	2.485094e-04	3.182890e-02	1.114384e-02
6	4.971929e-04	2.734238e-04	3.498940e-02	1.259162e-02
7	5.488154e-04	2.929835e-04	3.754777e-02	1.377603e-02
8	5.894733e-04	3.073945e-04	3.951046e-02	1.467058e-02
9	6.195691e-04	3.170035e-04	4.092024e-02	1.529200e-02
10	6.399484e-04	3.223148e-04	4.183806e-02	1.567300e-02
11	6.514626e-04	3.238362e-04	4.232415e-02	1.583778e-02
12	6.557576e-04	3.217835e-04	4.246447e-02	1.580360e-02
13	6.545518e-04	3.162831e-04	4.234529e-02	1.559209e-02
14	6.489749e-04	3.074634e-04	4.203082e-02	1.523154e-02
15	6.400570e-04	2.955775e-04	4.157633e-02	1.475026e-02
16	6.290613e-04	2.813523e-04	4.103635e-02	1.417730e-02
17	6.171053e-04	2.655194e-04	4.045656e-02	1.353879e-02
18	6.050881e-04	2.487019e-04	3.987282e-02	1.285624e-02
19	5.936552e-04	2.313649e-04	3.931086e-02	1.214618e-02
20	5.831290e-04	2.137333e-04	3.878494e-02	1.142021e-02
21	5.737084e-04	1.959895e-04	3.830371e-02	1.068808e-02
22	5.655282e-04	1.782969e-04	3.787268e-02	9.958819e-03
23	5.586722e-04	1.607975e-04	3.749506e-02	9.240744e-03
24	5.531792e-04	1.436170e-04	3.717218e-02	8.541212e-03
25	5.490543e-04	1.268717e-04	3.690409e-02	7.866419e-03
26	5.462834e-04	1.106743e-04	3.669017e-02	7.221367e-03
27	5.448445e-04	9.514405e-05	3.652966e-02	6.609944e-03
28	5.447135e-04	8.043826e-05	3.642181e-02	6.035165e-03
29	5.458727e-04	6.682985e-05	3.636613e-02	5.499621e-03
30	5.483201e-04	5.486127e-05	3.636261e-02	5.006034e-03
31	5.520714e-04	4.560184e-05	3.641171e-02	4.557837e-03
32	5.571576e-04	4.080168e-05	3.651422e-02	4.159818e-03
33	5.636190e-04	4.202749e-05	3.667103e-02	3.818765e-03
34	5.715003e-04	4.895802e-05	3.688288e-02	3.543901e-03
35	5.808465e-04	5.984090e-05	3.715025e-02	3.346565e-03
36	5.917021e-04	7.316713e-05	3.747336e-02	3.238486e-03
37	6.041112e-04	8.808065e-05	3.785215e-02	3.228579e-03
38	6.181180e-04	1.041435e-04	3.828635e-02	3.319561e-03
39	6.337666e-04	1.211267e-04	3.877555e-02	3.506618e-03
40	6.510997e-04	1.389004e-04	3.931920e-02	3.779013e-03
41	6.701586e-04	1.573813e-04	3.991665e-02	4.123222e-03
42	6.909816e-04	1.765061e-04	4.056715e-02	4.525608e-03
43	7.136041e-04	1.962181e-04	4.126992e-02	4.973806e-03
44	7.380584e-04	2.164597e-04	4.202419e-02	5.457045e-03
45	7.643732e-04	2.371681e-04	4.282921e-02	5.965965e-03
46	7.925740e-04	2.582726e-04	4.368428e-02	6.492263e-03
47	8.226815e-04	2.796931e-04	4.458873e-02	7.028378e-03
48	8.547114e-04	3.013395e-04	4.554193e-02	7.567259e-03
49	8.886732e-04	3.231119e-04	4.654321e-02	8.102228e-03
50	9.245688e-04	3.449023e-04	4.759183e-02	8.626931e-03
51	9.623918e-04	3.665955e-04	4.868693e-02	9.135343e-03
52	1.002126e-03	3.880719e-04	4.982740e-02	9.621803e-03
53	1.043744e-03	4.092082e-04	5.101188e-02	1.008108e-02
54	1.087208e-03	4.298800e-04	5.223865e-02	1.050846e-02
55	1.132467e-03	4.499629e-04	5.350560e-02	1.089975e-02
56	1.179458e-03	4.693338e-04	5.481021e-02	1.125143e-02
57	1.228109e-03	4.878730e-04	5.614956e-02	1.156060e-02
58	1.278337e-03	5.054653e-04	5.752035e-02	1.182508e-02
59	1.330051e-03	5.220021e-04	5.891889e-02	1.204339e-02
60	1.383151e-03	5.373828e-04	6.034117e-02	1.221474e-02
61	1.437528e-03	5.515165e-04	6.178286e-02	1.233902e-02
62	1.493067e-03	5.643227e-04	6.323939e-02	1.241672e-02
63	1.549642e-03	5.757312e-04	6.470597e-02	1.244884e-02
64	1.607122e-03	5.856825e-04	6.617770e-02	1.243680e-02
65	1.665370e-03	5.941265e-04	6.764960e-02	1.238235e-02
66	1.724246e-03	6.010228e-04	6.911674e-02	1.228752e-02
67	1.783605e-03	6.063399e-04	7.057424e-02	1.215454e-02
68	1.843301e-03	6.100554e-04	7.201731e-02	1.198581e-02
69	1.903187e-03	6.121575e-04	7.344131e-02	1.178396e-02
70	1.963115e-03	6.126454e-04	7.484173e-02	1.155182e-02
71	2.022937e-03	6.115306e-04	7.621419e-02	1.129242e-02
72	2.082505e-03	6.088369e-04	7.755451e-02	1.100904e-02
73	2.141672e-03	6.045999e-04	7.885867e-02	1.070513e-02
74	2.200293e-03	5.988665e-04	8.012285e-02	1.038436e-02
75	2.258220e-03	5.916934e-04	8.134340e-02	1.005053e-02
76	2.315309e-03	5.831463e-04	8.251684e-02	9.707628e-03
77	2.371412e-03	5.732985e-04	8.363992e-02	9.359746e-03
78	2.426386e-03	5.622316e-04	8.470957e-02	9.011125e-03
79	2.480089e-03	5.500355e-04	8.572302e-02	8.666142e-03
80	2.532390e-03	5.368087e-04	8.667780e-02	8.329281e-03
81	2.583165e-03	5.226563e-04	8.757179e-02	8.005049e-03
82	2.632297e-03	5.076873e-04	8.840317e-02	7.697850e-03
83	2.679668e-03	4.920127e-04	8.917028e-02	7.411874e-03
84	2.725159e-03	4.757462e-04	8.987162e-02	7.151007e-03
85	2.768644e-03	4.590091e-04	9.050577e-02	6.918779e-03
86	2.809992e-03	4.419368e-04	9.107138e-02	6.718312e-03
87	2.849068e-03	4.246874e-04	9.156721e-02	6.552286e-03
88	2.885730e-03	4.074517e-04	9.199208e-02	6.422887e-03
89	2.919838e-03	3.904627e-04	9.234496e-02	6.331759e-03
90	2.951253e-03	3.740041e-04	9.262502e-02	6.279914e-03
91	2.979846e-03	3.584135e-04	9.283170e-02	6.267635e-03
92	3.005504e-03	3.440811e-04	9.296480e-02	6.294399e-03
93	3.028130e-03	3.314424e-04	9.302446e-02	6.358918e-03
94	3.047638e-03	3.209649e-04	9.301113e-02	6.459309e-03
95	3.063957e-03	3.131265e-04	9.292545e-02	6.593345e-03
96	3.077022e-03	3.083783e-04	9.276828e-02	6.758591e-03
97	3.086788e-03	3.070898e-04	9.254077e-02	6.952406e-03
98	3.093236e-03	3.094921e-04	9.224439e-02	7.171877e-03
99	3.096368e-03	3.156388e-04	9.188100e-02	7.413825e-03
100	3.096211e-03	3.254000e-04	9.145275e-02	7.674884e-03
101	3.092812e-03	3.384886e-04	9.096198e-02	7.951619e-03
102	3.086230e-03	3.545050e-04	9.041122e-02	8.240647e-03
103	3.076538e-03	3.729844e-04	8.980312e-02	8.538712e-03
104	3.063825e-03	3.934321e-04	8.914049e-02	8.842644e-03
105	3.048190e-03	4.153409e-04	8.842627e-02	9.149170e-03
106	3.029742e-03	4.381929e-04	8.766348e-02	9.454597e-03
107	3.008586e-03	4.614543e-04	8.685507e-02	9.754488e-03
108	2.984805e-03	4.845769e-04	8.600371e-02	1.004352e-02
109	2.958449e-03	5.070178e-04	8.511158e-02	1.031576e-02
110	2.929520e-03	5.282820e-04	8.418014e-02	1.056529e-02
111	2.897970e-03	5.479728e-04	8.321007e-02	1.078715e-02
112	2.863708e-03	5.658196e-04	8.220132e-02	1.097790e-02
113	2.826625e-03	5.816567e-04	8.115346e-02	1.113538e-02
114	2.786646e-03	5.953656e-04	8.006639e-02	1.125787e-02
115	2.743811e-03	6.068431e-04	7.894169e-02	1.134393e-02
116	2.698402e-03	6.160154e-04	7.778446e-02	1.139309e-02
117	2.651009e-03	6.228312e-04	7.660433e-02	1.140650e-02
118	2.602420e-03	6.272013e-04	7.541398e-02	1.138576e-02
119	2.553396e-03	6.289571e-04	7.422581e-02	1.133142e-02
120	2.504588e-03	6.279078e-04	7.305056e-02	1.124297e-02
121	2.456620e-03	6.239346e-04	7.189844e-02	1.112027e-02
122	2.410133e-03	6.170540e-04	7.077969e-02	1.096449e-02
123	2.365732e-03	6.074337e-04	6.970368e-02	1.077827e-02
124	2.323899e-03	5.953722e-04	6.867766e-02	1.056530e-02
125	2.284938e-03	5.812768e-04	6.770587e-02	1.032971e-02
126	2.249085e-03	5.656617e-04	6.679119e-02	1.007646e-02
127	2.216727e-03	5.491337e-04	6.593862e-02	9.812093e-03
128	2.188401e-03	5.323374e-04	6.515533e-02	9.544273e-03
129	2.164612e-03	5.158628e-04	6.444798e-02	9.280203e-03
130	2.145744e-03	5.001525e-04	6.382157e-02	9.025501e-03
131	2.132069e-03	4.854622e-04	6.327944e-02	8.783852e-03
132	2.123747e-03	4.718953e-04	6.282328e-02	8.557195e-03
133	2.120847e-03	4.594745e-04	6.245317e-02	8.346293e-03
134	2.123370e-03	4.482080e-04	6.216799e-02	8.151375e-03
135	2.131289e-03	4.381245e-04	6.196581e-02	7.972511e-03
136	2.144569e-03	4.292736e-04	6.184432e-02	7.809578e-03
137	2.163173e-03	4.217009e-04	6.180103e-02	7.661975e-03
138	2.187064e-03	4.154182e-04	6.183328e-02	7.528402e-03
139	2.216205e-03	4.103864e-04	6.193826e-02	7.406895e-03
140	2.250557e-03	4.065182e-04	6.211314e-02	7.295100e-03
141	2.290091e-03	4.036949e-04	6.235513e-02	7.190658e-03
142	2.334795e-03	4.017897e-04	6.266157e-02	7.091534e-03
143	2.384679e-03	4.006894e-04	6.303004e-02	6.996248e-03
144	2.439788e-03	4.003104e-04	6.345847e-02	6.903978e-03
145	2.500207e-03	4.006063e-04	6.394522e-02	6.814544e-03
146	2.566061e-03	4.015627e-04	6.448905e-02	6.728245e-03
147	2.637499e-03	4.031796e-04	6.508894e-02	6.645584e-03
148	2.714674e-03	4.054506e-04	6.574378e-02	6.566987e-03
149	2.797704e-03	4.083443e-04	6.645202e-02	6.492592e-03
150	2.886646e-03	4.117932e-04	6.721138e-02	6.422133e-03
151	2.981478e-03	4.156905e-04	6.801869e-02	6.354896e-03
152	3.082084e-03	4.198967e-04	6.886992e-02	6.289794e-03
153	3.188252e-03	4.242599e-04	6.976014e-02	6.225569e-03
154	3.299677e-03	4.286451e-04	7.068376e-02	6.161061e-03
155	3.415982e-03	4.329649e-04	7.163477e-02	6.095484e-03
156	3.536755e-03	4.372123e-04	7.260720e-02	6.028679e-03
157	3.661590e-03	4.414908e-04	7.359558e-02	5.961350e-03
158	3.790135e-03	4.460406e-04	7.459531e-02	5.895249e-03
159	3.922135e-03	4.512542e-04	7.560308e-02	5.833276e-03
160	4.057468e-03	4.576718e-04	7.661704e-02	5.779406e-03
161	4.196096e-03	4.659350e-04	7.763626e-02	5.738282e-03
162	4.337936e-03	4.766859e-04	7.865946e-02	5.714393e-03
163	4.482775e-03	4.904672e-04	7.968438e-02	5.711381e-03
164	4.630368e-03	5.077067e-04	8.070864e-02	5.732094e-03
165	4.780593e-03	5.287772e-04	8.173112e-02	5.779109e-03
166	4.933516e-03	5.540509e-04	8.275236e-02	5.855096e-03
167	5.089390e-03	5.839370e-04	8.377431e-02	5.962956e-03
168	5.248908e-03	6.191996e-04	8.480222e-02	6.107805e-03
169	5.414334e-03	6.622081e-04	8.585269e-02	6.305096e-03
170	5.592323e-03	7.202671e-04	8.697303e-02	6.601918e-03
171	5.799891e-03	8.135263e-04	8.827948e-02	7.125511e-03
172	6.078637e-03	9.915671e-04	9.004231e-02	8.179470e-03
173	6.477521e-03	1.298402e-03	9.253878e-02	1.000170e-02
174	7.005809e-03	1.730087e-03	9.573163e-02	1.249009e-02
175	7.652496e-03	2.277376e-03	9.944163e-02	1.548886e-02
176	8.400641e-03	2.919871e-03	1.034853e-01	1.880286e-02
177	9.216533e-03	3.615964e-03	1.076345e-01	2.217645e-02
178	1.007693e-02	4.340445e-03	1.117605e-01	2.548297e-02
179	1.096781e-02	5.086766e-03	1.157983e-01	2.869247e-02
180	1.185477e-02	5.830389e-03	1.196068e-01	3.169733e-02
181	1.272413e-02	6.558248e-03	1.231618e-01	3.446589e-02
182	1.357819e-02	7.270534e-03	1.265063e-01	3.702661e-02
183	1.441848e-02	7.967113e-03	1.296722e-01	3.940132e-02
184	1.524414e-02	8.645766e-03	1.326773e-01	4.160036e-02
185	1.605337e-02	9.303587e-03	1.355326e-01	4.362958e-02
186	1.684656e-02	9.940171e-03	1.382544e-01	4.550190e-02
187	1.762482e-02	1.055607e-02	1.408591e-01	4.723129e-02
188	1.838812e-02	1.115073e-02	1.433570e-01	4.882603e-02
189	1.913558e-02	1.172242e-02	1.457549e-01	5.028927e-02
190	1.986624e-02	1.226863e-02	1.480593e-01	5.162060e-02
191	2.057909e-02	1.278559e-02	1.502774e-01	5.281454e-02
192	2.127290e-02	1.326759e-02	1.524174e-01	5.385841e-02
193	2.195088e-02	1.371189e-02	1.545017e-01	5.474699e-02
194	2.262311e-02	1.412189e-02	1.565719e-01	5.549176e-02
195	2.329714e-02	1.449775e-02	1.586594e-01	5.609589e-02
196	2.397931e-02	1.483742e-02	1.607900e-01	5.655803e-02
197	2.467810e-02	1.513790e-02	1.629963e-01	5.687518e-02
198	2.540509e-02	1.539549e-02	1.653190e-01	5.704512e-02
