t_index	avg_L2_error	std_L2_error	avg_relative_error	std_relative_error
0	8.823258e-05	5.619436e-05	1.108995e-02	1.435843e-03
1	7.148354e-05	4.899712e-05	1.040781e-02	1.987221e-03
2	7.158047e-05	4.604436e-05	1.100239e-02	2.620452e-03
3	7.730860e-05	4.728347e-05	1.200607e-02	3.385428e-03
4	8.495428e-05	4.983640e-05	1.314343e-02	4.133403e-03
5	9.312878e-05	5.240377e-05	1.430759e-02	4.806776e-03
6	1.009664e-04	5.443843e-05	1.542764e-02	5.401108e-03
7	1.080017e-04	5.574900e-05	1.646238e-02	5.923524e-03
8	1.140382e-04	5.630542e-05	1.739008e-02	6.374864e-03
9	1.190301e-04	5.615338e-05	1.820060e-02	6.753122e-03
10	1.230219e-04	5.538150e-05	1.889183e-02	7.057931e-03
11	1.260943e-04	5.410343e-05	1.946575e-02	7.290531e-03
12	1.283563e-04	5.244830e-05	1.992864e-02	7.456623e-03
13	1.299293e-04	5.055565e-05	2.028971e-02	7.564867e-03
14	1.309308e-04	4.857156e-05	2.055906e-02	7.624127e-03
15	1.314754e-04	4.665020e-05	2.074762e-02	7.643698e-03
16	1.316779e-04	4.494719e-05	2.086728e-02	7.633864e-03
17	1.316518e-04	4.359904e-05	2.093060e-02	7.604602e-03
18	1.314961e-04	4.269809e-05	2.094944e-02	7.563683e-03
19	1.312868e-04	4.228695e-05	2.093397e-02	7.516553e-03
20	1.310798e-04	4.236628e-05	2.089275e-02	7.466997e-03
21	1.309156e-04	4.290041e-05	2.083283e-02	7.417298e-03
22	1.308103e-04	4.381819e-05	2.075920e-02	7.368083e-03
23	1.307533e-04	4.502200e-05	2.067452e-02	7.318355e-03
24	1.307199e-04	4.640303e-05	2.058009e-02	7.265966e-03
25	1.306821e-04	4.785487e-05	2.047672e-02	7.208412e-03
26	1.306153e-04	4.928311e-05	2.036531e-02	7.143455e-03
27	1.305015e-04	5.060878e-05	2.024702e-02	7.069315e-03
28	1.303292e-04	5.176758e-05	2.012327e-02	6.984594e-03
29	1.300933e-04	5.270782e-05	1.999568e-02	6.888158e-03
30	1.297951e-04	5.338892e-05	1.986609e-02	6.779092e-03
31	1.294415e-04	5.378082e-05	1.973646e-02	6.656727e-03
32	1.290451e-04	5.386412e-05	1.960886e-02	6.520717e-03
33	1.286229e-04	5.363045e-05	1.948543e-02	6.371123e-03
34	1.281960e-04	5.308261e-05	1.936831e-02	6.208468e-03
35	1.277881e-04	5.223408e-05	1.925957e-02	6.033750e-03
36	1.274245e-04	5.110779e-05	1.916112e-02	5.848390e-03
37	1.271302e-04	4.973435e-05	1.907469e-02	5.654152e-03
38	1.269290e-04	4.814999e-05	1.900171e-02	5.453028e-03
39	1.268423e-04	4.639468e-05	1.894330e-02	5.247124e-03
40	1.268882e-04	4.451071e-05	1.890026e-02	5.038573e-03
41	1.270812e-04	4.254184e-05	1.887307e-02	4.829465e-03
42	1.274322e-04	4.053318e-05	1.886189e-02	4.621809e-03
43	1.279487e-04	3.853164e-05	1.886666e-02	4.417534e-03
44	1.286353e-04	3.658679e-05	1.888709e-02	4.218507e-03
45	1.294942e-04	3.475187e-05	1.892272e-02	4.026567e-03
46	1.305255e-04	3.308438e-05	1.897300e-02	3.843570e-03
47	1.317283e-04	3.164565e-05	1.903729e-02	3.671427e-03
48	1.331007e-04	3.049862e-05	1.911493e-02	3.512118e-03
49	1.346405e-04	2.970305e-05	1.920528e-02	3.367686e-03
50	1.363456e-04	2.930859e-05	1.930772e-02	3.240177e-03
51	1.382140e-04	2.934702e-05	1.942170e-02	3.131539e-03
52	1.402443e-04	2.982648e-05	1.954673e-02	3.043476e-03
53	1.424355e-04	3.073030e-05	1.968240e-02	2.977266e-03
54	1.447870e-04	3.202083e-05	1.982837e-02	2.933590e-03
55	1.472984e-04	3.364658e-05	1.998434e-02	2.912386e-03
56	1.499692e-04	3.554991e-05	2.015008e-02	2.912792e-03
57	1.527989e-04	3.767323e-05	2.032536e-02	2.933182e-03
58	1.557864e-04	3.996286e-05	2.050996e-02	2.971294e-03
59	1.589300e-04	4.237110e-05	2.070363e-02	3.024421e-03
60	1.622272e-04	4.485677e-05	2.090611e-02	3.089628e-03
61	1.656749e-04	4.738513e-05	2.111707e-02	3.163951e-03
62	1.692688e-04	4.992737e-05	2.133612e-02	3.244565e-03
63	1.730039e-04	5.245992e-05	2.156281e-02	3.328894e-03
64	1.768740e-04	5.496374e-05	2.179661e-02	3.414681e-03
65	1.808721e-04	5.742363e-05	2.203691e-02	3.500013e-03
66	1.849903e-04	5.982759e-05	2.228302e-02	3.583323e-03
67	1.892196e-04	6.216624e-05	2.253418e-02	3.663363e-03
68	1.935501e-04	6.443231e-05	2.278954e-02	3.739178e-03
69	1.979710e-04	6.662021e-05	2.304820e-02	3.810069e-03
70	2.024709e-04	6.872570e-05	2.330922e-02	3.875554e-03
71	2.070376e-04	7.074576e-05	2.357159e-02	3.935349e-03
72	2.116583e-04	7.267856e-05	2.383428e-02	3.989348e-03
73	2.163196e-04	7.452347e-05	2.409622e-02	4.037604e-03
74	2.210076e-04	7.628095e-05	2.435635e-02	4.080309e-03
75	2.257087e-04	7.795238e-05	2.461357e-02	4.117768e-03
76	2.304092e-04	7.953993e-05	2.486685e-02	4.150370e-03
77	2.350956e-04	8.104637e-05	2.511517e-02	4.178564e-03
78	2.397549e-04	8.247493e-05	2.535757e-02	4.202842e-03
79	2.443748e-04	8.382903e-05	2.559315e-02	4.223713e-03
80	2.489428e-04	8.511200e-05	2.582103e-02	4.241682e-03
81	2.534469e-04	8.632680e-05	2.604040e-02	4.257231e-03
82	2.578748e-04	8.747580e-05	2.625047e-02	4.270809e-03
83	2.622143e-04	8.856098e-05	2.645049e-02	4.282833e-03
84	2.664537e-04	8.958449e-05	2.663975e-02	4.293711e-03
85	2.705820e-04	9.054977e-05	2.681766e-02	4.303888e-03
86	2.745906e-04	9.146282e-05	2.698371e-02	4.313886e-03
87	2.784736e-04	9.233325e-05	2.713756e-02	4.324338e-03
88	2.822287e-04	9.317474e-05	2.727905e-02	4.335995e-03
89	2.858572e-04	9.400450e-05	2.740820e-02	4.349687e-03
90	2.893633e-04	9.484211e-05	2.752515e-02	4.366271e-03
91	2.927534e-04	9.570805e-05	2.763019e-02	4.386554e-03
92	2.960353e-04	9.662238e-05	2.772367e-02	4.411248e-03
93	2.992178e-04	9.760411e-05	2.780603e-02	4.440935e-03
94	3.023107e-04	9.867114e-05	2.787774e-02	4.476067e-03
95	3.053252e-04	9.984092e-05	2.793941e-02	4.516989e-03
96	3.082751e-04	1.011312e-04	2.799174e-02	4.563959e-03
97	3.111776e-04	1.025610e-04	2.803561e-02	4.617175e-03
98	3.140542e-04	1.041505e-04	2.807209e-02	4.676777e-03
99	3.169314e-04	1.059213e-04	2.810247e-02	4.742831e-03
100	3.198409e-04	1.078954e-04	2.812827e-02	4.815307e-03
101	3.228193e-04	1.100951e-04	2.815123e-02	4.894056e-03
102	3.259085e-04	1.125414e-04	2.817328e-02	4.978777e-03
103	3.291547e-04	1.152539e-04	2.819655e-02	5.069010e-03
104	3.326081e-04	1.182502e-04	2.822330e-02	5.164127e-03
105	3.363226e-04	1.215453e-04	2.825594e-02	5.263337e-03
106	3.403545e-04	1.251508e-04	2.829691e-02	5.365701e-03
107	3.447625e-04	1.290750e-04	2.834870e-02	5.470143e-03
108	3.496061e-04	1.333209e-04	2.841376e-02	5.575465e-03
109	3.549454e-04	1.378851e-04	2.849444e-02	5.680348e-03
110	3.608392e-04	1.427551e-04	2.859295e-02	5.783345e-03
111	3.673441e-04	1.479062e-04	2.871128e-02	5.882852e-03
112	3.745125e-04	1.532988e-04	2.885114e-02	5.977083e-03
113	3.823914e-04	1.588749e-04	2.901390e-02	6.064050e-03
114	3.910202e-04	1.645567e-04	2.920050e-02	6.141572e-03
115	4.004291e-04	1.702466e-04	2.941143e-02	6.207341e-03
116	4.106364e-04	1.758302e-04	2.964662e-02	6.259053e-03
117	4.216462e-04	1.811818e-04	2.990531e-02	6.294617e-03
118	4.334451e-04	1.861732e-04	3.018601e-02	6.312418e-03
119	4.460006e-04	1.906839e-04	3.048638e-02	6.311583e-03
120	4.592624e-04	1.946104e-04	3.080337e-02	6.292155e-03
121	4.731677e-04	1.978726e-04	3.113347e-02	6.255085e-03
122	4.876503e-04	2.004161e-04	3.147309e-02	6.202022e-03
123	5.026496e-04	2.022095e-04	3.181894e-02	6.134978e-03
124	5.181157e-04	2.032400e-04	3.216829e-02	6.056004e-03
125	5.340111e-04	2.035079e-04	3.251902e-02	5.966944e-03
126	5.503094e-04	2.030225e-04	3.286958e-02	5.869339e-03
127	5.669907e-04	2.017999e-04	3.321882e-02	5.764489e-03
128	5.840365e-04	1.998668e-04	3.356579e-02	5.653666e-03
129	6.014270e-04	1.972667e-04	3.390960e-02	5.538409e-03
130	6.191419e-04	1.940713e-04	3.424943e-02	5.420816e-03
131	6.371640e-04	1.903911e-04	3.458454e-02	5.303723e-03
132	6.554785e-04	1.863807e-04	3.491428e-02	5.190655e-03
133	6.740699e-04	1.822365e-04	3.523800e-02	5.085555e-03
134	6.929151e-04	1.781914e-04	3.555496e-02	4.992426e-03
135	7.119789e-04	1.745051e-04	3.586418e-02	4.914979e-03
136	7.312156e-04	1.714489e-04	3.616461e-02	4.856238e-03
137	7.505825e-04	1.692790e-04	3.645548e-02	4.818069e-03
138	7.700626e-04	1.682021e-04	3.673683e-02	4.800758e-03
139	7.896871e-04	1.683454e-04	3.700998e-02	4.802906e-03
140	8.095451e-04	1.697463e-04	3.727763e-02	4.821847e-03
141	8.297763e-04	1.723680e-04	3.754351e-02	4.854419e-03
142	8.505478e-04	1.761272e-04	3.781177e-02	4.897659e-03
143	8.720219e-04	1.809161e-04	3.808617e-02	4.949039e-03
144	8.943166e-04	1.866135e-04	3.836921e-02	5.006430e-03
145	9.174616e-04	1.931018e-04	3.866129e-02	5.068270e-03
146	9.413891e-04	2.002631e-04	3.896066e-02	5.133341e-03
147	9.659900e-04	2.079343e-04	3.926491e-02	5.199693e-03
148	9.911672e-04	2.158967e-04	3.957215e-02	5.264346e-03
149	1.016845e-03	2.239082e-04	3.988113e-02	5.323963e-03
150	1.042961e-03	2.317217e-04	4.019096e-02	5.375216e-03
151	1.069459e-03	2.390845e-04	4.050094e-02	5.414808e-03
152	1.096278e-03	2.457508e-04	4.081038e-02	5.439710e-03
153	1.123357e-03	2.515148e-04	4.111846e-02	5.447754e-03
154	1.150626e-03	2.562452e-04	4.142423e-02	5.438117e-03
155	1.178010e-03	2.599086e-04	4.172643e-02	5.411589e-03
156	1.205416e-03	2.625617e-04	4.202356e-02	5.370262e-03
157	1.232814e-03	2.642655e-04	4.231521e-02	5.315927e-03
158	1.260270e-03	2.650293e-04	4.260285e-02	5.249235e-03
159	1.287895e-03	2.648575e-04	4.288857e-02	5.170641e-03
160	1.315783e-03	2.637730e-04	4.317404e-02	5.080863e-03
161	1.344013e-03	2.618040e-04	4.346057e-02	4.980659e-03
162	1.372641e-03	2.589695e-04	4.374903e-02	4.870612e-03
163	1.401695e-03	2.552728e-04	4.403981e-02	4.751042e-03
164	1.431166e-03	2.506984e-04	4.433267e-02	4.621993e-03
165	1.461000e-03	2.452145e-04	4.462677e-02	4.483265e-03
166	1.491111e-03	2.387793e-04	4.492077e-02	4.334508e-03
167	1.521382e-03	2.313537e-04	4.521296e-02	4.175381e-03
168	1.551689e-03	2.229168e-04	4.550158e-02	4.005754e-03
169	1.581914e-03	2.134828e-04	4.578505e-02	3.825893e-03
170	1.611967e-03	2.031151e-04	4.606218e-02	3.636614e-03
171	1.641788e-03	1.919401e-04	4.633233e-02	3.439402e-03
172	1.671362e-03	1.801603e-04	4.659539e-02	3.236496e-03
173	1.700707e-03	1.680685e-04	4.685176e-02	3.030937e-03
174	1.729862e-03	1.560647e-04	4.710209e-02	2.826606e-03
175	1.758876e-03	1.446759e-04	4.734714e-02	2.628239e-03
176	1.787792e-03	1.345682e-04	4.758756e-02	2.441428e-03
177	1.816636e-03	1.265315e-04	4.782381e-02	2.272541e-03
178	1.845416e-03	1.213959e-04	4.805609e-02	2.128461e-03
179	1.874121e-03	1.198517e-04	4.828440e-02	2.015981e-03
180	1.902722e-03	1.222266e-04	4.850860e-02	1.940773e-03
181	1.931189e-03	1.283680e-04	4.872849e-02	1.906146e-03
182	1.959487e-03	1.377265e-04	4.894397e-02	1.912084e-03
183	1.987591e-03	1.495647e-04	4.915499e-02	1.955129e-03
184	2.015480e-03	1.631426e-04	4.936165e-02	2.029223e-03
185	2.043138e-03	1.778156e-04	4.956409e-02	2.127068e-03
186	2.070557e-03	1.930632e-04	4.976256e-02	2.241390e-03
187	2.097738e-03	2.084844e-04	4.995740e-02	2.365770e-03
188	2.124690e-03	2.237849e-04	5.014905e-02	2.495027e-03
189	2.151441e-03	2.387654e-04	5.033810e-02	2.625318e-03
190	2.178033e-03	2.533117e-04	5.052528e-02	2.754077e-03
191	2.204528e-03	2.673834e-04	5.071147e-02	2.879842e-03
192	2.230999e-03	2.809958e-04	5.089762e-02	3.001990e-03
193	2.257523e-03	2.941955e-04	5.108464e-02	3.120408e-03
194	2.284162e-03	3.070334e-04	5.127326e-02	3.235160e-03
195	2.310957e-03	3.195429e-04	5.146395e-02	3.346226e-03
196	2.337918e-03	3.317273e-04	5.165684e-02	3.453363e-03
197	2.365028e-03	3.435577e-04	5.185177e-02	3.556083e-03
198	2.392246e-03	3.549780e-04	5.204832e-02	3.653702e-03
