2.16565e-06
1.30870e-06
1.24049e-06
1.23697e-06
1.16341e-06
1.14716e-06
1.07872e-06
8.96242e-07
7.73488e-07
6.50228e-07
6.27692e-07
5.73002e-07
4.78306e-07
4.79115e-07
4.02779e-07
3.97672e-07
4.39591e-07
4.36727e-07
3.79257e-07
3.77773e-07
3.62369e-07
3.45250e-07
3.82310e-07
3.37765e-07
3.53036e-07
3.35205e-07
3.20687e-07
3.85474e-07
3.03710e-07
3.03195e-07
2.92761e-07
2.80948e-07
2.68577e-07
2.62377e-07
2.59055e-07
2.55907e-07
2.22260e-07
2.35135e-07
2.11498e-07
1.88766e-07
1.82742e-07
1.81920e-07
2.10727e-07
1.72496e-07
1.55927e-07
1.48397e-07
1.45665e-07
1.45984e-07
1.31268e-07
1.28105e-07
1.06505e-07
1.06845e-07
9.47271e-08
9.55581e-08
8.65715e-08
9.20490e-08
1.09776e-07
6.87606e-08
6.92225e-08
7.75569e-08
6.06123e-08
6.57512e-08
7.33838e-08
5.52120e-08
6.11815e-08
6.68418e-08
5.73628e-08
5.21665e-08
4.62357e-08
5.42027e-08
4.99656e-08
4.90717e-08
3.73211e-08
3.71061e-08
3.78999e-08
3.99459e-08
4.97020e-08
4.45976e-08
3.15759e-08
4.17932e-08
4.02353e-08
4.09268e-08
2.96893e-08
2.65284e-08
2.64112e-08
4.20485e-08
4.04689e-08
4.14171e-08
3.46481e-08
2.76045e-08
2.37023e-08
7.35296e-08
3.97838e-08
2.81226e-08
2.60309e-08
2.01841e-08
3.06731e-08
2.40802e-08
2.50801e-08
2.06040e-08
2.28111e-08
2.18494e-08
1.83095e-08
2.04422e-08
1.69209e-08
1.88713e-08
2.04248e-08
1.95612e-08
1.75585e-08
1.49200e-08
1.92200e-08
1.34913e-08
1.49360e-08
1.44034e-08
3.30870e-08
1.92551e-08
1.93765e-08
1.89970e-08
1.30427e-08
1.45338e-08
1.62742e-08
1.85911e-08
1.47398e-08
1.17863e-08
1.60734e-08
1.18800e-08
1.19521e-08
1.62582e-08
1.36546e-08
1.47759e-08
1.32733e-08
1.30568e-08
1.44869e-08
1.09984e-08
1.00275e-08
1.41608e-08
1.30091e-08
1.01398e-08
1.95340e-08
1.11349e-08
1.25989e-08
1.13768e-08
1.29541e-08
1.53342e-08
1.86562e-08
9.19391e-09
1.31909e-08
1.12385e-08
1.78397e-08
1.04654e-08
1.12763e-08
1.02766e-08
8.58573e-09
1.12224e-08
1.13343e-08
8.89904e-09
1.33261e-08
8.56312e-09
1.11914e-08
2.14287e-08
1.10512e-08
9.02229e-09
9.82873e-09
7.69416e-09
9.78627e-09
7.68719e-09
8.94780e-09
9.52416e-09
1.40303e-08
1.80701e-08
7.82976e-09
7.38238e-09
8.87176e-09
9.97956e-09
1.07216e-08
8.09979e-09
9.22427e-09
1.05853e-08
7.44800e-09
7.45787e-09
6.52902e-09
8.17365e-09
1.14903e-08
9.63464e-09
7.85406e-09
7.75985e-09
7.11772e-09
6.35879e-09
6.38260e-09
7.75998e-09
7.02962e-09
8.33980e-09
7.30417e-09
6.85550e-09
8.20174e-09
1.04092e-08
8.97832e-09
8.55023e-09
8.03271e-09
7.23328e-09
6.87766e-09
7.24475e-09
7.38949e-09
6.92142e-09
7.28144e-09
5.82189e-09
6.25742e-09
1.18098e-08
4.73145e-09
6.96201e-09
7.47677e-09
5.29442e-09
8.53005e-09
1.02945e-08
6.51907e-09
5.93844e-09
7.96348e-09
7.05818e-09
6.19788e-09
6.83412e-09
5.36182e-09
5.88726e-09
4.98512e-09
4.54517e-09
7.79717e-09
1.27178e-08
1.26829e-08
1.15384e-08
1.35000e-08
8.68834e-09
4.42282e-09
6.29520e-09
6.14064e-09
5.48037e-09
5.13134e-09
7.16514e-09
5.98834e-09
5.22894e-09
4.99377e-09
7.22850e-09
5.58526e-09
6.00841e-09
5.06936e-09
5.47845e-09
5.36561e-09
7.24838e-09
4.78374e-09
6.17462e-09
4.09458e-09
5.01713e-09
4.32134e-09
1.63451e-08
1.25868e-08
6.68157e-09
5.57741e-09
5.00197e-09
4.47894e-09
6.14518e-09
6.53359e-09
6.09839e-09
5.61324e-09
4.48894e-09
4.87262e-09
4.55798e-09
6.97611e-09
5.72802e-09
4.37318e-09
3.45329e-09
3.82681e-09
3.31525e-09
4.98636e-09
4.33678e-09
8.18326e-09
7.16869e-09
4.15614e-09
5.37298e-09
4.53727e-09
4.28596e-09
6.26998e-09
6.25023e-09
5.33891e-09
6.36702e-09
7.99918e-09
4.53145e-09
3.43078e-09
3.45868e-09
4.34752e-09
3.68974e-09
3.02426e-09
4.40476e-09
4.76056e-09
3.91895e-09
3.48283e-09
3.50744e-09
7.38661e-09
6.34512e-09
3.47765e-09
6.18188e-09
4.60062e-09
3.60896e-09
3.58435e-09
4.40412e-09
3.14391e-09
5.02105e-09
9.29765e-09
4.24044e-09
4.17382e-09
3.12492e-09
3.34455e-09
3.96640e-09
3.93866e-09
3.35841e-09
3.53826e-09
2.85197e-09
3.51970e-09
3.78467e-09
2.76147e-09
3.02348e-09
3.60488e-09
4.06365e-09
3.67570e-09
4.13655e-09
3.06974e-09
3.75879e-09
6.13298e-09
3.61728e-09
4.27231e-09
3.46201e-09
4.80413e-09
3.61605e-09
3.13756e-09
3.10993e-09
2.84492e-09
4.31087e-09
4.17431e-09
4.45195e-09
3.99264e-09
3.27784e-09
3.41434e-09
2.49993e-09
4.27138e-09
3.39624e-09
3.30918e-09
4.25238e-09
3.44808e-09
4.08330e-09
2.82995e-09
6.79638e-09
4.17393e-09
4.17903e-09
9.62077e-09
5.10410e-09
3.58083e-09
2.67922e-09
3.10507e-09
4.22444e-09
3.72513e-09
2.99249e-09
3.01479e-09
2.98841e-09
3.71342e-09
3.01953e-09
2.69625e-09
2.63388e-09
2.73488e-09
3.11033e-09
2.66874e-09
3.01503e-09
3.82316e-09
2.57994e-09
2.76965e-09
3.67079e-09
3.20716e-09
3.44488e-09
3.77965e-09
2.61683e-09
2.69066e-09
2.61629e-09
3.88294e-09
2.86694e-09
2.59117e-09
3.18332e-09
3.99841e-09
3.06886e-09
2.83070e-09
4.30065e-09
2.46661e-09
2.77139e-09
3.23939e-09
3.05081e-09
4.19520e-09
3.15408e-09
2.52402e-09
2.16830e-09
2.68381e-09
3.01770e-09
2.87617e-09
2.46551e-09
4.41825e-09
3.16751e-09
3.34398e-09
2.85644e-09
2.96101e-09
3.17712e-09
2.42039e-09
2.85458e-09
3.15050e-09
3.43582e-09
2.55421e-09
2.77880e-09
2.42657e-09
2.82027e-09
3.12532e-09
3.55955e-09
8.17850e-09
2.73789e-09
3.26616e-09
2.49065e-09
1.63412e-09
2.25746e-09
3.04342e-09
3.09719e-09
2.43084e-09
2.64996e-09
2.45352e-09
2.03329e-09
3.43482e-09
2.78904e-09
2.43346e-09
2.99686e-09
1.96313e-09
2.78452e-09
2.89688e-09
2.72381e-09
4.12226e-09
3.36095e-09
2.66925e-09
2.24835e-09
2.34162e-09
2.02860e-09
3.18198e-09
2.15583e-09
2.00033e-09
2.15871e-09
1.99857e-09
2.11522e-09
1.98099e-09
2.48475e-09
2.26020e-09
2.12367e-09
2.45615e-09
2.77691e-09
2.11987e-09
2.33812e-09
1.88528e-09
2.17585e-09
3.07971e-09
2.17533e-09
1.69139e-09
2.29871e-09
2.14764e-09
1.69745e-09
2.06506e-09
1.95702e-09
1.89414e-09
1.95489e-09
2.06205e-09
2.25892e-09
2.67647e-09
2.47550e-09
3.09169e-09
1.96367e-09
2.14259e-09
2.07944e-09
1.93887e-09
1.91952e-09
2.41881e-09
2.81657e-09
2.19202e-09
1.84790e-09
2.32448e-09
2.73461e-09
2.01655e-09
2.95913e-09
1.86409e-09
3.64781e-09
2.53862e-09
1.74170e-09
1.93327e-09
2.06553e-09
2.17763e-09
1.71137e-09
2.20619e-09
1.67875e-09
1.86528e-09
1.69722e-09
1.74312e-09
1.76231e-09
1.88195e-09
1.82016e-09
2.32481e-09
1.94833e-09
2.46339e-09
2.36128e-09
2.03245e-09
1.72553e-09
2.25090e-09
2.10911e-09
1.68085e-09
1.64919e-09
1.46603e-09
1.62337e-09
2.45977e-09
1.97688e-09
2.05988e-09
1.79188e-09
1.67460e-09
2.37807e-09
2.84453e-09
1.50688e-09
1.56652e-09
1.91718e-09
1.85973e-09
1.70391e-09
1.58436e-09
2.29815e-09
2.11704e-09
1.99187e-09
2.19145e-09
1.87696e-09
1.61192e-09
1.60362e-09
1.72615e-09
1.73178e-09
1.89411e-09
1.59444e-09
1.57761e-09
1.80648e-09
1.36841e-09
2.35083e-09
1.43886e-09
1.49755e-09
1.32518e-09
1.74913e-09
1.45121e-09
1.47748e-09
1.50646e-09
1.58829e-09
1.48578e-09
1.49921e-09
1.98674e-09
1.62415e-09
1.27276e-09
1.60580e-09
1.45664e-09
1.52977e-09
1.57569e-09
1.40745e-09
1.75412e-09
1.54858e-09
1.65075e-09
1.49209e-09
1.45733e-09
1.65355e-09
1.43969e-09
1.92616e-09
1.94335e-09
1.86531e-09
2.20349e-09
1.37596e-09
1.36993e-09
1.37023e-09
1.20920e-09
1.47815e-09
1.36732e-09
1.58352e-09
1.44340e-09
1.59340e-09
1.32569e-09
1.47866e-09
1.65021e-09
1.44166e-09
1.42324e-09
1.67872e-09
1.53621e-09
1.79418e-09
1.32799e-09
1.47688e-09
1.68231e-09
1.19522e-09
1.49791e-09
1.59193e-09
1.81178e-09
1.54542e-09
1.24833e-09
1.56199e-09
1.42288e-09
1.52134e-09
1.73574e-09
1.49578e-09
1.31152e-09
1.45067e-09
1.24319e-09
1.28073e-09
1.48132e-09
1.26348e-09
1.33762e-09
1.33657e-09
1.37265e-09
1.21150e-09
1.20678e-09
1.19461e-09
1.24024e-09
1.48754e-09
1.40878e-09
1.38770e-09
1.44158e-09
1.38291e-09
1.38854e-09
1.50510e-09
1.46212e-09
1.37072e-09
1.38351e-09
1.26242e-09
1.59848e-09
1.37961e-09
1.45052e-09
1.22907e-09
1.26776e-09
1.07641e-09
1.08728e-09
1.49056e-09
1.20941e-09
1.11121e-09
1.17632e-09
1.23698e-09
1.28348e-09
1.00748e-09
1.65735e-09
1.25122e-09
1.13929e-09
1.28820e-09
1.40293e-09
1.16636e-09
1.56078e-09
1.13899e-09
1.08779e-09
1.14384e-09
1.15557e-09
1.17486e-09
1.04081e-09
1.69394e-09
1.12334e-09
1.18540e-09
1.10980e-09
1.46347e-09
1.20221e-09
1.14679e-09
1.01892e-09
1.05307e-09
1.09106e-09
1.02866e-09
1.16461e-09
1.18060e-09
1.19245e-09
1.12428e-09
1.01274e-09
9.50303e-10
1.03120e-09
1.11311e-09
1.08701e-09
1.10442e-09
1.21404e-09
1.36295e-09
1.18124e-09
1.04829e-09
1.03547e-09
1.24305e-09
1.12548e-09
1.09704e-09
1.12279e-09
1.11615e-09
1.21375e-09
1.03645e-09
9.73609e-10
1.04347e-09
1.04027e-09
1.13218e-09
1.05050e-09
1.10074e-09
9.77953e-10
1.06693e-09
1.01940e-09
1.03660e-09
1.10595e-09
1.17885e-09
1.13862e-09
1.02476e-09
1.17296e-09
1.09065e-09
1.07718e-09
9.71052e-10
1.13356e-09
9.91230e-10
1.23345e-09
9.05907e-10
1.01046e-09
9.79132e-10
9.75835e-10
9.40581e-10
1.04629e-09
1.00807e-09
1.03133e-09
1.02061e-09
1.03599e-09
9.89675e-10
1.17882e-09
1.02943e-09
1.21878e-09
1.10297e-09
9.87964e-10
9.86387e-10
9.87019e-10
1.00447e-09
1.02682e-09
9.22200e-10
1.05292e-09
9.07722e-10
9.77657e-10
1.05476e-09
9.51589e-10
1.21044e-09
1.07110e-09
9.36914e-10
8.84010e-10
9.70226e-10
9.35953e-10
8.28106e-10
1.02189e-09
9.37472e-10
9.49755e-10
1.04361e-09
8.42500e-10
8.73469e-10
8.96566e-10
8.71986e-10
9.42523e-10
9.32151e-10
9.72855e-10
8.04592e-10
9.31665e-10
9.49674e-10
8.88166e-10
8.49220e-10
1.00431e-09
9.92516e-10
8.58924e-10
9.53807e-10
8.88893e-10
8.10493e-10
8.57790e-10
8.40245e-10
8.99708e-10
8.71698e-10
8.10552e-10
8.70825e-10
8.11281e-10
7.94090e-10
8.77238e-10
8.45427e-10
9.27774e-10
8.57767e-10
8.32828e-10
8.87014e-10
8.75113e-10
8.94133e-10
8.57243e-10
8.79115e-10
8.76749e-10
8.63959e-10
7.76047e-10
8.50635e-10
7.85958e-10
8.26434e-10
8.75645e-10
8.66659e-10
9.75293e-10
8.60356e-10
8.36685e-10
8.40434e-10
8.57393e-10
8.13323e-10
8.11560e-10
8.78371e-10
8.26629e-10
8.44019e-10
8.06828e-10
8.63407e-10
7.83966e-10
8.38943e-10
8.26753e-10
7.70152e-10
8.54261e-10
8.34129e-10
7.87310e-10
7.74814e-10
8.06669e-10
7.99304e-10
7.73558e-10
7.76599e-10
7.73019e-10
8.05574e-10
8.14370e-10
7.81502e-10
7.69370e-10
7.75877e-10
7.57175e-10
7.78786e-10
7.81843e-10
7.90148e-10
8.05254e-10
7.84415e-10
7.92932e-10
7.69840e-10
7.61675e-10
7.62806e-10
7.77902e-10
7.88868e-10
7.70936e-10
7.41567e-10
7.85300e-10
7.55003e-10
7.96933e-10
7.65313e-10
7.40894e-10
7.40466e-10
7.85734e-10
7.75741e-10
7.63883e-10
7.64482e-10
7.68162e-10
7.43266e-10
7.58703e-10
7.61692e-10
7.68799e-10
7.25941e-10
7.67752e-10
7.18610e-10
7.50767e-10
7.62188e-10
7.42524e-10
7.38510e-10
7.51586e-10
7.36778e-10
7.41610e-10
7.29031e-10
7.35871e-10
7.32636e-10
7.29637e-10
7.18213e-10
7.25577e-10
7.26525e-10
7.08825e-10
7.38448e-10
7.07821e-10
7.15499e-10
7.70133e-10
7.22028e-10
7.27214e-10
7.24785e-10
7.20435e-10
7.20005e-10
7.31472e-10
7.03931e-10
7.10223e-10
7.23930e-10
7.45969e-10
7.06680e-10
7.12688e-10
6.93538e-10
7.04553e-10
7.04702e-10
7.01708e-10
7.15784e-10
7.18238e-10
6.92817e-10
7.01410e-10
6.97220e-10
7.09536e-10
7.06617e-10
7.02222e-10
7.00386e-10
6.87257e-10
7.04120e-10
7.18973e-10
6.88854e-10
6.88239e-10
7.09289e-10
7.03711e-10
6.93108e-10
6.91137e-10
7.04976e-10
6.92443e-10
6.99087e-10
6.91094e-10
6.89730e-10
6.94442e-10
6.89007e-10
6.81111e-10
6.96623e-10
6.82434e-10
6.85010e-10
6.89765e-10
6.95667e-10
6.85352e-10
6.90142e-10
7.00151e-10
6.79535e-10
6.75151e-10
6.81773e-10
6.91684e-10
6.80324e-10
6.84532e-10
6.75653e-10
6.73137e-10
6.84988e-10
6.70308e-10
6.77540e-10
6.87349e-10
6.69613e-10
6.82761e-10
6.77938e-10
6.81425e-10
6.79172e-10
6.70670e-10
6.69970e-10
6.67248e-10
6.67791e-10
6.73277e-10
6.68950e-10
6.73914e-10
6.71073e-10
6.81622e-10
6.65275e-10
6.75216e-10
6.76908e-10
6.68903e-10
6.85327e-10
6.66530e-10
6.58927e-10
6.73931e-10
6.65839e-10
6.61877e-10
6.66935e-10
6.64597e-10
6.74504e-10
6.66284e-10
6.61079e-10
6.68913e-10
6.63979e-10
6.56976e-10
6.65997e-10
6.58761e-10
6.63510e-10
6.59648e-10
6.65416e-10
6.62562e-10
6.62622e-10
6.57773e-10
6.71522e-10
6.60940e-10
6.58639e-10
6.64213e-10
6.55010e-10
6.57363e-10
6.53648e-10
6.59700e-10
6.57151e-10
6.63698e-10
6.54212e-10
6.55381e-10
6.59048e-10
6.54847e-10
6.57604e-10
6.59871e-10
6.57568e-10
6.55685e-10
6.55818e-10
6.57333e-10
6.54162e-10
6.51571e-10
6.52203e-10
6.53975e-10
6.55728e-10
6.56910e-10
6.57674e-10
6.59608e-10
6.57366e-10
6.55312e-10
6.69086e-10
