t_index	avg_L2_error	avg_relative_error
0	1.072522e-06	4.360063e-03
1	3.872184e-06	8.235693e-03
2	8.138276e-06	1.188597e-02
3	1.378077e-05	1.541930e-02
4	2.076434e-05	1.888974e-02
5	2.908136e-05	2.232850e-02
6	3.874841e-05	2.575851e-02
7	4.982158e-05	2.920549e-02
8	6.239505e-05	3.269624e-02
9	7.663092e-05	3.626679e-02
10	9.270368e-05	3.994049e-02
11	1.108464e-04	4.374377e-02
12	1.311398e-04	4.765450e-02
13	1.536416e-04	5.165201e-02
14	1.782045e-04	5.568447e-02
15	2.048002e-04	5.973718e-02
16	2.333692e-04	6.379474e-02
17	2.637663e-04	6.783392e-02
18	2.954087e-04	7.177934e-02
19	3.276541e-04	7.556513e-02
20	3.599113e-04	7.914278e-02
21	3.916175e-04	8.247005e-02
22	4.227037e-04	8.555679e-02
23	4.539999e-04	8.850098e-02
24	4.865437e-04	9.140394e-02
25	5.211546e-04	9.433158e-02
26	5.588090e-04	9.736359e-02
27	6.001684e-04	1.005472e-01
28	6.446424e-04	1.038478e-01
29	6.907812e-04	1.071657e-01
30	7.367116e-04	1.103871e-01
31	7.808192e-04	1.134195e-01
32	8.228724e-04	1.162585e-01
33	8.630849e-04	1.189361e-01
34	9.014243e-04	1.214657e-01
35	9.384774e-04	1.238904e-01
36	9.753324e-04	1.262700e-01
37	1.012318e-03	1.286272e-01
38	1.048946e-03	1.309335e-01
39	1.085953e-03	1.332264e-01
40	1.124014e-03	1.355416e-01
41	1.162959e-03	1.378731e-01
42	1.202849e-03	1.402275e-01
43	1.243766e-03	1.426150e-01
44	1.285510e-03	1.450292e-01
45	1.327563e-03	1.474444e-01
46	1.369951e-03	1.498639e-01
47	1.412422e-03	1.522833e-01
48	1.454748e-03	1.546936e-01
49	1.497418e-03	1.571194e-01
50	1.540960e-03	1.595849e-01
51	1.585741e-03	1.621209e-01
52	1.632133e-03	1.647385e-01
53	1.680839e-03	1.674586e-01
54	1.731899e-03	1.702761e-01
55	1.785050e-03	1.731766e-01
56	1.839904e-03	1.761337e-01
57	1.896621e-03	1.791386e-01
58	1.955004e-03	1.821835e-01
59	2.015443e-03	1.852852e-01
60	2.077649e-03	1.884348e-01
61	2.142533e-03	1.916691e-01
62	2.210614e-03	1.949980e-01
63	2.282085e-03	1.984250e-01
64	2.356000e-03	2.019104e-01
65	2.432136e-03	2.054467e-01
66	2.511666e-03	2.090678e-01
67	2.594593e-03	2.127628e-01
68	2.679992e-03	2.165051e-01
69	2.767711e-03	2.202894e-01
70	2.858995e-03	2.241484e-01
71	2.953536e-03	2.280645e-01
72	3.050171e-03	2.319955e-01
73	3.148543e-03	2.359309e-01
74	3.248930e-03	2.398722e-01
75	3.351737e-03	2.438352e-01
76	3.456472e-03	2.478009e-01
77	3.562732e-03	2.517552e-01
78	3.670960e-03	2.557156e-01
79	3.781104e-03	2.596795e-01
80	3.892862e-03	2.636295e-01
81	4.007524e-03	2.676129e-01
82	4.124851e-03	2.716234e-01
83	4.243951e-03	2.756266e-01
84	4.366705e-03	2.796792e-01
85	4.494098e-03	2.838098e-01
86	4.623880e-03	2.879485e-01
87	4.755684e-03	2.920806e-01
88	4.891325e-03	2.962597e-01
89	5.029516e-03	3.004430e-01
90	5.168733e-03	3.045881e-01
91	5.309833e-03	3.087236e-01
92	5.454278e-03	3.128902e-01
93	5.600343e-03	3.170342e-01
94	5.747590e-03	3.211448e-01
95	5.898070e-03	3.252855e-01
96	6.050938e-03	3.294331e-01
97	6.203817e-03	3.335215e-01
98	6.358611e-03	3.376019e-01
99	6.518000e-03	3.417473e-01
100	6.679371e-03	3.458909e-01
101	6.840750e-03	3.499841e-01
102	7.005831e-03	3.541198e-01
103	7.175827e-03	3.583224e-01
104	7.348032e-03	3.625255e-01
105	7.521939e-03	3.667201e-01
106	7.699864e-03	3.709607e-01
107	7.881606e-03	3.752391e-01
108	8.065719e-03	3.795191e-01
109	8.252936e-03	3.838194e-01
110	8.445129e-03	3.881813e-01
111	8.640726e-03	3.925676e-01
112	8.838674e-03	3.969526e-01
113	9.041487e-03	4.013894e-01
114	9.250812e-03	4.059122e-01
115	9.464563e-03	4.104735e-01
116	9.682203e-03	4.150602e-01
117	9.906929e-03	4.197384e-01
118	1.013874e-02	4.245014e-01
119	1.037584e-02	4.293075e-01
120	1.061738e-02	4.341430e-01
121	1.086455e-02	4.390320e-01
122	1.111564e-02	4.439386e-01
123	1.137020e-02	4.488470e-01
124	1.162850e-02	4.537631e-01
125	1.189041e-02	4.586890e-01
126	1.215373e-02	4.635852e-01
127	1.241768e-02	4.684342e-01
128	1.268609e-02	4.733001e-01
129	1.295902e-02	4.781875e-01
130	1.323315e-02	4.830405e-01
131	1.350654e-02	4.878222e-01
132	1.378359e-02	4.926098e-01
133	1.406542e-02	4.974226e-01
134	1.434825e-02	5.021947e-01
135	1.463027e-02	5.068958e-01
136	1.491486e-02	5.115903e-01
137	1.520355e-02	5.163018e-01
138	1.549319e-02	5.209775e-01
139	1.578297e-02	5.256045e-01
140	1.607508e-02	5.302265e-01
141	1.637011e-02	5.348509e-01
142	1.666685e-02	5.394570e-01
143	1.696413e-02	5.440269e-01
144	1.726460e-02	5.486064e-01
145	1.756775e-02	5.531877e-01
146	1.787178e-02	5.577425e-01
147	1.817765e-02	5.622852e-01
148	1.848872e-02	5.668694e-01
149	1.880410e-02	5.714775e-01
150	1.912136e-02	5.760786e-01
151	1.944092e-02	5.806773e-01
152	1.976623e-02	5.853281e-01
153	2.009839e-02	5.900418e-01
154	2.043351e-02	5.947652e-01
155	2.076983e-02	5.994792e-01
156	2.110997e-02	6.042190e-01
157	2.145601e-02	6.090158e-01
158	2.180390e-02	6.138086e-01
159	2.215062e-02	6.185633e-01
160	2.249682e-02	6.232871e-01
161	2.284520e-02	6.280217e-01
162	2.319461e-02	6.327480e-01
163	2.354271e-02	6.374360e-01
164	2.388988e-02	6.420862e-01
165	2.423879e-02	6.467378e-01
166	2.458940e-02	6.513908e-01
167	2.493993e-02	6.560218e-01
168	2.529139e-02	6.606364e-01
169	2.564658e-02	6.652695e-01
170	2.600497e-02	6.699128e-01
171	2.636395e-02	6.745359e-01
172	2.672468e-02	6.791521e-01
173	2.708949e-02	6.837858e-01
174	2.745860e-02	6.884347e-01
175	2.782934e-02	6.930705e-01
176	2.820190e-02	6.976981e-01
177	2.857789e-02	7.023354e-01
178	2.895593e-02	7.069634e-01
179	2.933419e-02	7.115587e-01
180	2.971431e-02	7.161427e-01
181	3.009766e-02	7.207300e-01
182	3.048384e-02	7.253176e-01
183	3.087051e-02	7.298762e-01
184	3.125864e-02	7.344206e-01
185	3.165132e-02	7.389856e-01
186	3.205055e-02	7.435894e-01
187	3.245403e-02	7.482059e-01
188	3.286140e-02	7.528321e-01
189	3.327301e-02	7.574841e-01
190	3.368953e-02	7.621620e-01
191	3.411168e-02	7.668645e-01
192	3.453960e-02	7.715904e-01
193	3.497122e-02	7.763261e-01
194	3.540291e-02	7.810379e-01
195	3.583507e-02	7.857234e-01
196	3.626692e-02	7.903679e-01
197	3.670060e-02	7.949953e-01
198	3.713714e-02	7.996243e-01
199	3.757426e-02	8.042343e-01
200	3.801014e-02	8.088027e-01
201	3.844627e-02	8.133472e-01
202	3.888765e-02	8.179205e-01
203	3.933451e-02	8.225241e-01
204	3.978287e-02	8.271208e-01
205	4.023115e-02	8.316977e-01
206	4.068357e-02	8.363011e-01
207	4.114275e-02	8.409496e-01
208	4.160749e-02	8.456293e-01
209	4.207290e-02	8.502949e-01
210	4.254410e-02	8.550042e-01
211	4.301961e-02	8.597330e-01
212	4.349890e-02	8.644755e-01
213	4.397901e-02	8.691962e-01
214	4.446574e-02	8.739626e-01
215	4.495517e-02	8.787274e-01
216	4.544715e-02	8.834930e-01
217	4.594003e-02	8.882377e-01
218	4.644257e-02	8.930520e-01
219	4.695207e-02	8.979029e-01
220	4.746775e-02	9.027871e-01
221	4.798635e-02	9.076717e-01
222	4.851372e-02	9.126207e-01
223	4.904968e-02	9.176255e-01
224	4.959377e-02	9.226801e-01
225	5.014259e-02	9.277462e-01
226	5.069921e-02	9.328540e-01
227	5.126170e-02	9.379874e-01
228	5.182884e-02	9.431376e-01
229	5.239673e-02	9.482619e-01
230	5.296605e-02	9.533717e-01
231	5.353710e-02	9.584655e-01
232	5.411164e-02	9.635573e-01
233	5.468765e-02	9.686230e-01
234	5.526567e-02	9.736735e-01
235	5.584525e-02	9.787078e-01
236	5.642554e-02	9.837137e-01
237	5.700736e-02	9.887000e-01
238	5.759101e-02	9.936692e-01
239	5.817667e-02	9.986250e-01
240	5.876222e-02	1.003542e+00
241	5.934928e-02	1.008437e+00
242	5.993853e-02	1.013318e+00
243	6.053059e-02	1.018190e+00
244	6.112498e-02	1.023051e+00
245	6.171994e-02	1.027887e+00
246	6.231492e-02	1.032697e+00
247	6.291178e-02	1.037498e+00
248	6.351192e-02	1.042301e+00
249	6.411266e-02	1.047085e+00
250	6.471176e-02	1.051831e+00
251	6.531283e-02	1.056569e+00
252	6.591816e-02	1.061323e+00
253	6.652574e-02	1.066078e+00
254	6.713364e-02	1.070815e+00
255	6.774369e-02	1.075552e+00
256	6.836036e-02	1.080332e+00
257	6.898255e-02	1.085148e+00
258	6.960724e-02	1.089967e+00
259	7.023489e-02	1.094792e+00
260	7.086864e-02	1.099653e+00
261	7.151137e-02	1.104582e+00
262	7.215970e-02	1.109546e+00
263	7.280829e-02	1.114496e+00
264	7.345885e-02	1.119445e+00
265	7.411262e-02	1.124403e+00
266	7.476999e-02	1.129377e+00
267	7.542656e-02	1.134332e+00
268	7.607968e-02	1.139240e+00
269	7.673047e-02	1.144108e+00
270	7.738071e-02	1.148952e+00
271	7.803287e-02	1.153799e+00
272	7.868237e-02	1.158602e+00
273	7.932793e-02	1.163354e+00
274	7.996934e-02	1.168057e+00
275	8.061143e-02	1.172758e+00
276	8.125439e-02	1.177452e+00
277	8.189375e-02	1.182093e+00
278	8.253024e-02	1.186690e+00
279	8.316686e-02	1.191280e+00
280	8.380289e-02	1.195856e+00
281	8.443485e-02	1.200386e+00
282	8.506413e-02	1.204882e+00
283	8.569092e-02	1.209351e+00
284	8.631831e-02	1.213817e+00
285	8.694511e-02	1.218262e+00
286	8.756998e-02	1.222683e+00
287	8.819115e-02	1.227068e+00
288	8.881055e-02	1.231432e+00
289	8.942871e-02	1.235777e+00
290	9.004598e-02	1.240113e+00
291	9.066030e-02	1.244420e+00
292	9.126910e-02	1.248679e+00
293	9.187570e-02	1.252917e+00
294	9.248145e-02	1.257148e+00
295	9.308688e-02	1.261373e+00
296	9.368775e-02	1.265558e+00
297	9.428376e-02	1.269709e+00
298	9.487849e-02	1.273854e+00
299	9.547260e-02	1.277998e+00
300	9.606908e-02	1.282157e+00
301	9.666396e-02	1.286303e+00
302	9.725772e-02	1.290439e+00
303	9.785193e-02	1.294581e+00
304	9.844756e-02	1.298740e+00
305	9.904463e-02	1.302913e+00
306	9.963672e-02	1.307048e+00
307	1.002286e-01	1.311171e+00
308	1.008235e-01	1.315313e+00
309	1.014198e-01	1.319458e+00
310	1.020136e-01	1.323590e+00
311	1.026010e-01	1.327674e+00
312	1.031891e-01	1.331756e+00
313	1.037806e-01	1.335845e+00
314	1.043770e-01	1.339954e+00
315	1.049727e-01	1.344051e+00
316	1.055649e-01	1.348124e+00
317	1.061546e-01	1.352178e+00
318	1.067431e-01	1.356214e+00
319	1.073337e-01	1.360255e+00
320	1.079266e-01	1.364303e+00
321	1.085199e-01	1.368346e+00
322	1.091099e-01	1.372360e+00
323	1.096983e-01	1.376363e+00
324	1.102872e-01	1.380370e+00
325	1.108760e-01	1.384373e+00
326	1.114640e-01	1.388360e+00
327	1.120504e-01	1.392326e+00
328	1.126392e-01	1.396310e+00
329	1.132241e-01	1.400276e+00
330	1.138057e-01	1.404219e+00
331	1.143883e-01	1.408163e+00
332	1.149738e-01	1.412120e+00
333	1.155621e-01	1.416092e+00
334	1.161474e-01	1.420042e+00
335	1.167324e-01	1.423994e+00
336	1.173191e-01	1.427956e+00
337	1.179111e-01	1.431950e+00
338	1.185067e-01	1.435961e+00
339	1.191034e-01	1.439969e+00
340	1.197066e-01	1.444016e+00
341	1.203148e-01	1.448099e+00
342	1.209267e-01	1.452208e+00
343	1.215412e-01	1.456320e+00
344	1.221628e-01	1.460469e+00
345	1.227934e-01	1.464669e+00
346	1.234282e-01	1.468894e+00
347	1.240652e-01	1.473128e+00
348	1.247011e-01	1.477345e+00
349	1.253455e-01	1.481607e+00
350	1.259966e-01	1.485901e+00
351	1.266483e-01	1.490185e+00
352	1.272996e-01	1.494455e+00
353	1.279494e-01	1.498707e+00
354	1.286033e-01	1.502980e+00
355	1.292604e-01	1.507258e+00
356	1.299165e-01	1.511512e+00
357	1.305722e-01	1.515748e+00
358	1.312279e-01	1.519978e+00
359	1.318840e-01	1.524207e+00
360	1.325381e-01	1.528420e+00
361	1.331890e-01	1.532600e+00
362	1.338391e-01	1.536762e+00
363	1.344897e-01	1.540912e+00
364	1.351415e-01	1.545064e+00
365	1.357891e-01	1.549189e+00
366	1.364289e-01	1.553261e+00
367	1.370630e-01	1.557288e+00
368	1.376935e-01	1.561280e+00
369	1.383255e-01	1.565273e+00
370	1.389532e-01	1.569230e+00
371	1.395741e-01	1.573139e+00
372	1.401867e-01	1.576994e+00
373	1.407899e-01	1.580789e+00
374	1.413923e-01	1.584571e+00
375	1.419905e-01	1.588311e+00
376	1.425836e-01	1.592011e+00
377	1.431701e-01	1.595665e+00
378	1.437481e-01	1.599263e+00
379	1.443208e-01	1.602827e+00
380	1.448887e-01	1.606349e+00
381	1.454583e-01	1.609871e+00
382	1.460243e-01	1.613360e+00
383	1.465881e-01	1.616835e+00
384	1.471494e-01	1.620282e+00
385	1.477103e-01	1.623717e+00
386	1.482692e-01	1.627139e+00
387	1.488255e-01	1.630541e+00
388	1.493819e-01	1.633936e+00
389	1.499361e-01	1.637304e+00
390	1.504914e-01	1.640671e+00
391	1.510473e-01	1.644033e+00
392	1.515985e-01	1.647359e+00
393	1.521434e-01	1.650636e+00
394	1.526860e-01	1.653890e+00
395	1.532307e-01	1.657146e+00
396	1.537775e-01	1.660409e+00
397	1.543203e-01	1.663636e+00
398	1.548603e-01	1.666834e+00
