1.77427e-04
1.54868e-06
7.59481e-07
3.98782e-07
2.49605e-07
1.59943e-07
1.12609e-07
8.47877e-08
6.85790e-08
5.87922e-08
4.96673e-08
4.25200e-08
4.01641e-08
3.24076e-08
3.13765e-08
2.74177e-08
2.44203e-08
2.24573e-08
2.12987e-08
1.89129e-08
1.83204e-08
1.66537e-08
1.41395e-08
1.60182e-08
1.54513e-08
1.46627e-08
1.48307e-08
1.71691e-08
1.17450e-08
1.30049e-08
1.33673e-08
1.20835e-08
2.18500e-08
1.10487e-08
1.46567e-08
1.34025e-08
2.28651e-08
1.27394e-08
1.62145e-08
1.59660e-08
4.94931e-08
1.19937e-07
1.80885e-08
1.04917e-08
1.74910e-08
2.81089e-08
3.00800e-08
8.35733e-09
1.05731e-08
1.54072e-08
3.10183e-08
2.76674e-08
1.38693e-08
2.41255e-08
7.86133e-08
1.54681e-08
4.69816e-08
4.31277e-08
3.92939e-08
1.20768e-08
9.59719e-09
1.03057e-08
2.60953e-08
1.58717e-08
1.20949e-08
3.93380e-08
5.65599e-08
2.43412e-08
7.25541e-08
3.73574e-08
1.26885e-08
1.00637e-08
1.11997e-08
1.30287e-08
1.50306e-08
1.22770e-08
1.68468e-08
1.23271e-08
2.46405e-08
1.62235e-07
4.47484e-08
6.84748e-09
7.26312e-09
6.20455e-09
1.54473e-08
8.02850e-09
1.19394e-08
6.58821e-08
3.05591e-08
3.12674e-08
1.33749e-08
1.64613e-08
1.37135e-08
6.75567e-09
5.51733e-09
1.24911e-07
3.28978e-08
3.74933e-09
4.75760e-09
5.76462e-09
1.61230e-08
2.01857e-08
1.51340e-08
4.65441e-08
9.44813e-09
6.02886e-09
1.16818e-08
3.97161e-08
3.29900e-08
5.21124e-08
1.35328e-08
2.14459e-08
7.90957e-09
1.34247e-08
4.01736e-08
6.46636e-09
4.83895e-09
4.48086e-09
8.87837e-09
8.71402e-09
5.01190e-08
3.74190e-08
9.72674e-09
7.33032e-09
1.90441e-08
1.76657e-08
7.13677e-08
6.76612e-08
6.84193e-09
4.04439e-09
5.63027e-09
5.21126e-09
8.28468e-09
1.58568e-08
2.83315e-08
2.26343e-08
1.11967e-08
1.30173e-08
2.30928e-08
4.59245e-08
1.05502e-08
1.21279e-08
1.65816e-08
4.70861e-09
1.88211e-08
9.10968e-09
9.36213e-09
1.19973e-08
1.10571e-08
1.87955e-08
9.24294e-08
1.21544e-08
6.61912e-09
5.85947e-09
1.71014e-08
1.61412e-08
1.10299e-08
1.29602e-08
1.14219e-08
2.68207e-08
1.92903e-08
3.80855e-08
2.99775e-08
5.35971e-09
6.20430e-09
7.03613e-09
6.73148e-08
1.90472e-08
8.17556e-09
6.26142e-09
1.16679e-08
1.18473e-08
4.43595e-08
1.74739e-08
9.21222e-09
1.72487e-08
1.57372e-08
5.98455e-09
7.96037e-09
5.13697e-08
1.77626e-08
8.69597e-09
1.89121e-08
3.39393e-08
2.14840e-08
5.33857e-09
1.10088e-08
6.78948e-09
6.64295e-08
4.11152e-08
3.67699e-09
2.96237e-09
4.60321e-09
8.61993e-09
7.55868e-09
6.30762e-09
5.54642e-09
1.06904e-08
7.22959e-08
4.68273e-09
1.75099e-08
7.93785e-08
1.65493e-08
4.40045e-09
2.79646e-09
3.95867e-09
4.63948e-09
4.11041e-09
1.29943e-08
1.03999e-08
7.34691e-09
2.08390e-08
1.42390e-08
6.64892e-09
2.24380e-08
7.16962e-08
2.97138e-08
4.47417e-09
4.25883e-09
3.45862e-09
1.49840e-08
5.25865e-09
8.84110e-09
7.47673e-08
1.04861e-08
5.17502e-09
3.88696e-09
3.23900e-09
6.71405e-09
8.21628e-09
5.57602e-09
1.46608e-08
7.26957e-08
1.25037e-08
4.10876e-09
4.82681e-09
3.75327e-09
4.86796e-08
1.74411e-08
5.14328e-09
4.40144e-09
6.71947e-09
2.08948e-08
1.11150e-08
7.76089e-09
5.63256e-09
1.95817e-08
3.11393e-08
5.71911e-09
7.84684e-09
2.88547e-08
6.84043e-09
1.50786e-08
1.33413e-08
2.05669e-08
3.67139e-09
1.06897e-08
7.51165e-09
1.73423e-08
3.30133e-08
1.34575e-08
4.21287e-09
6.39897e-09
3.30971e-08
2.57997e-08
6.79710e-09
4.31740e-09
8.00710e-09
4.51368e-09
7.07251e-09
1.08715e-08
6.11152e-09
6.70637e-09
1.59804e-08
2.21029e-08
4.47065e-09
6.12710e-09
4.83673e-09
1.57572e-08
1.15610e-08
6.23249e-09
2.49689e-08
1.74683e-08
2.13947e-08
4.42236e-09
6.46297e-09
3.73203e-09
3.49530e-09
8.71247e-09
1.01484e-07
5.36824e-09
2.75574e-09
3.29557e-09
3.73978e-09
8.12999e-09
1.15156e-08
7.49187e-09
5.25921e-09
3.40796e-09
3.61500e-09
5.29650e-09
1.55819e-08
1.99771e-08
7.00819e-09
4.75517e-09
8.62191e-09
1.42820e-08
4.54558e-09
2.58455e-08
1.66211e-08
6.74383e-09
1.02289e-08
1.83981e-08
1.33949e-08
1.49376e-08
1.88141e-08
7.79959e-09
4.76522e-09
1.24688e-08
6.29906e-09
1.71084e-08
1.17210e-08
2.45216e-08
9.65844e-09
4.62443e-09
4.87309e-09
4.18426e-09
6.50979e-09
2.15744e-08
5.12452e-08
3.50652e-09
2.67527e-09
4.97249e-09
4.44529e-09
5.52576e-09
5.73348e-09
8.26668e-09
4.02567e-09
1.03330e-08
6.97020e-09
7.61571e-09
5.06142e-09
4.60566e-09
4.82209e-09
7.94948e-09
3.64124e-08
3.37716e-09
1.33752e-08
5.65703e-09
5.47543e-09
3.84312e-09
5.15530e-09
5.24391e-09
1.00623e-07
1.86996e-08
1.12334e-08
2.68844e-09
2.85360e-09
3.16981e-09
2.85607e-09
4.34072e-09
3.18142e-09
2.92203e-09
9.76340e-09
5.96548e-09
2.44047e-08
1.21302e-08
6.95368e-09
3.60634e-09
3.39307e-09
4.78666e-09
2.19718e-08
1.28899e-08
3.61772e-09
2.78772e-09
6.48368e-09
7.38195e-09
1.19917e-08
5.63293e-09
1.21100e-08
1.40384e-08
4.68781e-09
3.44250e-09
3.21136e-09
8.22042e-09
9.64754e-09
2.64133e-08
4.66918e-09
5.41039e-09
4.14329e-09
1.49562e-08
6.71938e-09
4.04739e-09
7.09169e-09
2.40233e-08
5.91067e-09
3.83930e-09
6.74225e-09
4.37382e-09
4.30316e-09
3.60960e-09
6.60237e-08
6.45954e-08
2.72168e-09
2.54636e-09
2.87235e-09
2.38986e-09
2.49130e-09
3.59697e-09
2.53301e-09
2.63557e-09
3.22603e-09
3.11640e-09
2.68471e-09
4.31184e-09
4.56429e-09
9.69676e-09
3.87977e-08
6.55880e-09
3.39722e-09
3.09968e-09
5.63014e-09
8.58096e-09
7.48406e-09
8.58673e-09
3.53908e-09
5.28963e-09
3.43770e-09
2.31444e-08
1.99789e-08
4.38510e-09
5.73898e-09
3.25475e-09
3.19313e-09
3.36409e-09
7.18472e-09
4.95384e-09
3.33592e-09
5.63138e-09
1.77757e-08
4.58378e-09
4.07498e-09
5.96632e-09
1.26251e-08
3.36729e-09
3.30054e-09
3.63941e-09
8.28822e-09
1.12345e-08
4.05274e-09
1.31068e-08
5.84334e-09
3.48165e-09
7.42608e-09
2.74607e-09
2.98269e-09
6.78042e-09
1.28483e-08
7.14509e-09
1.10802e-08
3.04374e-08
2.72402e-09
2.90168e-09
3.93901e-09
8.09276e-09
3.34192e-09
3.36693e-09
2.73650e-09
7.43251e-09
4.96281e-09
4.52742e-09
4.52394e-09
4.01910e-09
2.91972e-09
3.49542e-09
4.25301e-09
9.86086e-09
5.06437e-09
3.33423e-09
4.52137e-09
1.54117e-08
3.92430e-09
3.14750e-09
4.60614e-09
2.24796e-08
1.29071e-08
2.88008e-09
2.17226e-09
3.07743e-09
3.43870e-09
5.55311e-09
4.23684e-09
3.26092e-09
8.58239e-09
1.38314e-08
2.37187e-09
3.38628e-09
3.08618e-09
3.07655e-09
2.43483e-09
5.26869e-09
6.13793e-09
2.06638e-08
3.90260e-09
3.62038e-09
2.42401e-09
2.93846e-09
2.95631e-09
3.67756e-09
1.08839e-08
2.86018e-09
2.37816e-09
5.89216e-09
1.34757e-08
4.87927e-09
2.83299e-09
3.00340e-09
5.73644e-09
3.00774e-09
4.65225e-09
2.50338e-09
3.84272e-09
3.73521e-09
8.54275e-09
3.29213e-09
2.77930e-09
2.97336e-09
5.84151e-09
9.12085e-09
3.60276e-08
2.90037e-09
2.31551e-09
1.95537e-09
2.37258e-09
2.18183e-09
2.07600e-09
2.72082e-09
3.76892e-09
2.17248e-09
3.16197e-09
3.79337e-09
1.53268e-08
4.73004e-09
2.12364e-09
4.59159e-09
6.96796e-09
2.02825e-09
2.86412e-09
2.57211e-09
3.78019e-09
2.43860e-09
2.62365e-09
4.48979e-09
4.65528e-09
2.92316e-09
2.86783e-09
3.16753e-09
4.25196e-09
8.23245e-09
5.09069e-09
2.25756e-09
2.83410e-09
2.94985e-09
7.52421e-09
2.48511e-09
3.07877e-09
3.93793e-09
2.37092e-09
3.01197e-09
3.41550e-09
3.28592e-09
2.74923e-09
4.49361e-09
1.36696e-08
2.94653e-09
2.61478e-09
2.68631e-09
3.43053e-09
2.82144e-09
3.54499e-09
2.28117e-09
2.24724e-09
2.51177e-09
4.11572e-09
2.70640e-09
4.76639e-09
8.26218e-09
4.30954e-09
2.11858e-09
2.34581e-09
2.25824e-09
2.27024e-09
3.01896e-09
2.90657e-09
2.21434e-09
2.26043e-09
2.21525e-09
4.88454e-09
3.41485e-09
4.14604e-09
3.14108e-09
2.53393e-09
3.71447e-09
2.15382e-08
6.88879e-09
1.85160e-09
1.90321e-09
1.90381e-09
1.96764e-09
1.85996e-09
1.96192e-09
2.90169e-09
2.85620e-09
2.92807e-09
2.31235e-09
2.22277e-09
3.04856e-09
2.38247e-09
2.17419e-09
2.13651e-09
2.55905e-09
2.57269e-09
3.29584e-09
2.15154e-09
1.74509e-08
1.33052e-08
1.81495e-09
1.84372e-09
1.78747e-09
1.91259e-09
1.95869e-09
2.27845e-09
2.10591e-09
2.15471e-09
1.93173e-09
2.08803e-09
2.59662e-09
1.98952e-09
2.84546e-09
3.40250e-09
2.09980e-09
2.51511e-09
3.07553e-09
2.16222e-09
2.08632e-09
3.35972e-09
2.40828e-09
2.11427e-09
2.01209e-09
2.02100e-09
2.48390e-09
2.84383e-09
3.26833e-09
2.12494e-09
4.57678e-09
2.52679e-09
3.27842e-09
1.86817e-09
2.27633e-09
1.83392e-09
1.86205e-09
2.18848e-09
2.67953e-09
4.87429e-09
2.00185e-09
1.79281e-09
2.08179e-09
2.70293e-09
2.32851e-09
2.02758e-09
2.21059e-09
2.13358e-09
2.22595e-09
2.01732e-09
3.14854e-09
2.22479e-09
1.90882e-09
2.45220e-09
2.35326e-09
3.51127e-09
2.06934e-09
2.60829e-09
2.19548e-09
1.98887e-09
1.86852e-09
1.89534e-09
1.72736e-09
1.96624e-09
2.07958e-09
2.57577e-09
1.89154e-09
1.92164e-09
2.74326e-09
2.24104e-09
1.99931e-09
2.47452e-09
1.79407e-09
2.45757e-09
2.07875e-09
1.91440e-09
1.74007e-09
2.31738e-09
2.17845e-09
1.94345e-09
1.99694e-09
2.04255e-09
1.84606e-09
1.99116e-09
2.02974e-09
4.45143e-09
1.88403e-09
1.80121e-09
1.78160e-09
1.94537e-09
1.80990e-09
2.24502e-09
1.99881e-09
1.84193e-09
2.00919e-09
2.01821e-09
1.92344e-09
2.03975e-09
1.71157e-09
1.72284e-09
2.08959e-09
1.82832e-09
1.83887e-09
1.81613e-09
1.99153e-09
2.00394e-09
1.85378e-09
1.69879e-09
1.68753e-09
1.92380e-09
1.82978e-09
2.02947e-09
1.81633e-09
1.85590e-09
1.94081e-09
1.76656e-09
1.83173e-09
1.71153e-09
1.81294e-09
1.80736e-09
1.79844e-09
1.95221e-09
2.07419e-09
1.89749e-09
1.85693e-09
1.88909e-09
1.61270e-09
1.74194e-09
1.68621e-09
1.60262e-09
1.67755e-09
1.80509e-09
1.80788e-09
1.61334e-09
1.71997e-09
1.85184e-09
1.58530e-09
1.59685e-09
1.65200e-09
1.63698e-09
1.61116e-09
1.66816e-09
1.66211e-09
1.59701e-09
1.62090e-09
1.69985e-09
1.71604e-09
1.95737e-09
1.67833e-09
1.56875e-09
1.76347e-09
1.54312e-09
1.65997e-09
1.72289e-09
1.59426e-09
1.55859e-09
1.73504e-09
1.62930e-09
1.54312e-09
1.49864e-09
1.60340e-09
1.52521e-09
1.67101e-09
1.71499e-09
1.59967e-09
1.54339e-09
1.52426e-09
1.51381e-09
1.63875e-09
1.57817e-09
1.61092e-09
1.52273e-09
1.57063e-09
1.64439e-09
1.59483e-09
1.50489e-09
1.56639e-09
1.51782e-09
1.55996e-09
1.49271e-09
1.52689e-09
1.59615e-09
1.57110e-09
1.52190e-09
1.56260e-09
1.48070e-09
1.74886e-09
1.59131e-09
1.50685e-09
1.50037e-09
1.48233e-09
1.50923e-09
1.55317e-09
1.50159e-09
1.51479e-09
1.55210e-09
1.48057e-09
1.62060e-09
1.54541e-09
1.47637e-09
1.45460e-09
1.48002e-09
1.45643e-09
1.46115e-09
1.45603e-09
1.48731e-09
1.49819e-09
1.45625e-09
1.46186e-09
1.47219e-09
1.45152e-09
1.41344e-09
1.43435e-09
1.45523e-09
1.46432e-09
1.42598e-09
1.46395e-09
1.45714e-09
1.46041e-09
1.47136e-09
1.43772e-09
1.39560e-09
1.43773e-09
1.56268e-09
1.37868e-09
1.42532e-09
1.51620e-09
1.44617e-09
1.41915e-09
1.42652e-09
1.42375e-09
1.40710e-09
1.42763e-09
1.41915e-09
1.43260e-09
1.42313e-09
1.41108e-09
1.40074e-09
1.40584e-09
1.40751e-09
1.41657e-09
1.41651e-09
1.39473e-09
1.38149e-09
1.41269e-09
1.41909e-09
1.39049e-09
1.38395e-09
1.40880e-09
1.39544e-09
1.37684e-09
1.36303e-09
1.36708e-09
1.35622e-09
1.38459e-09
1.37213e-09
1.37495e-09
1.39015e-09
1.35730e-09
1.36944e-09
1.37553e-09
1.36264e-09
1.36396e-09
1.35588e-09
1.38002e-09
1.37149e-09
1.37424e-09
1.35303e-09
1.33954e-09
1.35849e-09
1.34035e-09
1.34643e-09
1.34471e-09
1.35715e-09
1.34930e-09
1.35614e-09
1.36642e-09
1.36170e-09
1.33728e-09
1.39185e-09
1.34455e-09
1.36615e-09
1.35731e-09
1.35630e-09
1.32701e-09
1.34229e-09
1.34072e-09
1.32088e-09
1.33363e-09
1.32546e-09
1.32442e-09
1.32236e-09
1.34101e-09
1.32831e-09
1.32948e-09
1.32450e-09
1.33823e-09
1.32995e-09
1.31668e-09
1.32867e-09
1.32314e-09
1.33216e-09
1.32363e-09
1.31956e-09
1.32066e-09
1.32897e-09
1.32866e-09
1.32143e-09
1.31708e-09
1.30227e-09
1.31472e-09
1.30224e-09
1.31647e-09
1.31969e-09
1.31803e-09
1.30993e-09
1.31322e-09
1.30965e-09
1.31496e-09
1.30454e-09
1.30648e-09
1.31787e-09
1.30318e-09
1.30882e-09
1.30965e-09
1.31093e-09
1.30130e-09
1.30514e-09
1.30868e-09
1.30485e-09
1.30665e-09
1.29319e-09
1.29777e-09
1.30019e-09
1.29698e-09
1.29343e-09
1.30974e-09
1.29964e-09
1.29326e-09
1.29564e-09
1.30457e-09
1.29906e-09
1.30539e-09
1.29980e-09
1.29053e-09
1.30386e-09
1.29189e-09
1.29368e-09
1.29981e-09
1.29033e-09
1.29193e-09
1.29337e-09
1.29373e-09
1.28889e-09
1.29294e-09
1.29609e-09
1.28796e-09
1.27734e-09
1.29348e-09
1.29654e-09
1.28695e-09
1.29118e-09
1.29211e-09
1.28981e-09
1.29378e-09
1.28794e-09
1.29106e-09
1.30036e-09
1.29102e-09
1.29130e-09
1.29008e-09
1.28716e-09
1.29037e-09
1.28884e-09
1.28909e-09
1.29314e-09
