t_index	avg_L2_error	avg_relative_error
0	2.719528e-08	6.670965e-04
1	9.983773e-08	1.253258e-03
2	2.128285e-07	1.806224e-03
3	3.639912e-07	2.343820e-03
4	5.507084e-07	2.870000e-03
5	7.705620e-07	3.386570e-03
6	1.020628e-06	3.893509e-03
7	1.298035e-06	4.390677e-03
8	1.600065e-06	4.877960e-03
9	1.924397e-06	5.355651e-03
10	2.268444e-06	5.823922e-03
11	2.630129e-06	6.283301e-03
12	3.007095e-06	6.733724e-03
13	3.397431e-06	7.175259e-03
14	3.799249e-06	7.607797e-03
15	4.211135e-06	8.031468e-03
16	4.631958e-06	8.446476e-03
17	5.060636e-06	8.852963e-03
18	5.496176e-06	9.251068e-03
19	5.937363e-06	9.640742e-03
20	6.382857e-06	1.002186e-02
21	6.831151e-06	1.039420e-02
22	7.280620e-06	1.075749e-02
23	7.729958e-06	1.111157e-02
24	8.178048e-06	1.145640e-02
25	8.623808e-06	1.179192e-02
26	9.066365e-06	1.211816e-02
27	9.505088e-06	1.243528e-02
28	9.939457e-06	1.274348e-02
29	1.036926e-05	1.304309e-02
30	1.079449e-05	1.333455e-02
31	1.121522e-05	1.361825e-02
32	1.163148e-05	1.389458e-02
33	1.204336e-05	1.416387e-02
34	1.245099e-05	1.442648e-02
35	1.285450e-05	1.468269e-02
36	1.325404e-05	1.493278e-02
37	1.364979e-05	1.517700e-02
38	1.404182e-05	1.541553e-02
39	1.443026e-05	1.564856e-02
40	1.481527e-05	1.587629e-02
41	1.519702e-05	1.609888e-02
42	1.557571e-05	1.631655e-02
43	1.595172e-05	1.652955e-02
44	1.632546e-05	1.673813e-02
45	1.669741e-05	1.694261e-02
46	1.706791e-05	1.714320e-02
47	1.743713e-05	1.734004e-02
48	1.780515e-05	1.753323e-02
49	1.817197e-05	1.772283e-02
50	1.853746e-05	1.790887e-02
51	1.890154e-05	1.809134e-02
52	1.926415e-05	1.827030e-02
53	1.962530e-05	1.844580e-02
54	1.998502e-05	1.861790e-02
55	2.034336e-05	1.878669e-02
56	2.070047e-05	1.895229e-02
57	2.105654e-05	1.911483e-02
58	2.141178e-05	1.927446e-02
59	2.176653e-05	1.943138e-02
60	2.212121e-05	1.958580e-02
61	2.247617e-05	1.973791e-02
62	2.283188e-05	1.988792e-02
63	2.318882e-05	2.003604e-02
64	2.354748e-05	2.018250e-02
65	2.390828e-05	2.032748e-02
66	2.427173e-05	2.047119e-02
67	2.463835e-05	2.061387e-02
68	2.500868e-05	2.075573e-02
69	2.538318e-05	2.089697e-02
70	2.576233e-05	2.103778e-02
71	2.614651e-05	2.117833e-02
72	2.653618e-05	2.131879e-02
73	2.693181e-05	2.145936e-02
74	2.733383e-05	2.160019e-02
75	2.774271e-05	2.174146e-02
76	2.815881e-05	2.188329e-02
77	2.858253e-05	2.202583e-02
78	2.901426e-05	2.216918e-02
79	2.945440e-05	2.231348e-02
80	2.990335e-05	2.245883e-02
81	3.036150e-05	2.260536e-02
82	3.082924e-05	2.275316e-02
83	3.130696e-05	2.290235e-02
84	3.179513e-05	2.305306e-02
85	3.229425e-05	2.320544e-02
86	3.280477e-05	2.335960e-02
87	3.332715e-05	2.351568e-02
88	3.386192e-05	2.367381e-02
89	3.440960e-05	2.383414e-02
90	3.497075e-05	2.399680e-02
91	3.554596e-05	2.416194e-02
92	3.613574e-05	2.432968e-02
93	3.674072e-05	2.450015e-02
94	3.736141e-05	2.467346e-02
95	3.799835e-05	2.484969e-02
96	3.865194e-05	2.502890e-02
97	3.932256e-05	2.521111e-02
98	4.001052e-05	2.539633e-02
99	4.071624e-05	2.558459e-02
100	4.143996e-05	2.577585e-02
101	4.218191e-05	2.597008e-02
102	4.294229e-05	2.616721e-02
103	4.372128e-05	2.636717e-02
104	4.451912e-05	2.656990e-02
105	4.533606e-05	2.677535e-02
106	4.617233e-05	2.698347e-02
107	4.702828e-05	2.719421e-02
108	4.790423e-05	2.740754e-02
109	4.880044e-05	2.762340e-02
110	4.971736e-05	2.784179e-02
111	5.065544e-05	2.806270e-02
112	5.161520e-05	2.828615e-02
113	5.259724e-05	2.851218e-02
114	5.360223e-05	2.874082e-02
115	5.463076e-05	2.897212e-02
116	5.568348e-05	2.920611e-02
117	5.676104e-05	2.944284e-02
118	5.786407e-05	2.968234e-02
119	5.899318e-05	2.992463e-02
120	6.014887e-05	3.016972e-02
121	6.133160e-05	3.041759e-02
122	6.254174e-05	3.066821e-02
123	6.377956e-05	3.092150e-02
124	6.504529e-05	3.117741e-02
125	6.633912e-05	3.143583e-02
126	6.766116e-05	3.169668e-02
127	6.901154e-05	3.195988e-02
128	7.039044e-05	3.222535e-02
129	7.179798e-05	3.249301e-02
130	7.323429e-05	3.276279e-02
131	7.469961e-05	3.303464e-02
132	7.619415e-05	3.330852e-02
133	7.771810e-05	3.358439e-02
134	7.927166e-05	3.386220e-02
135	8.085503e-05	3.414191e-02
136	8.246836e-05	3.442349e-02
137	8.411177e-05	3.470689e-02
138	8.578539e-05	3.499206e-02
139	8.748914e-05	3.527893e-02
140	8.922304e-05	3.556744e-02
141	9.098702e-05	3.585752e-02
142	9.278095e-05	3.614910e-02
143	9.460462e-05	3.644209e-02
144	9.645775e-05	3.673639e-02
145	9.834002e-05	3.703193e-02
146	1.002511e-04	3.732859e-02
147	1.021906e-04	3.762627e-02
148	1.041579e-04	3.792486e-02
149	1.061528e-04	3.822426e-02
150	1.081745e-04	3.852435e-02
151	1.102225e-04	3.882504e-02
152	1.122962e-04	3.912620e-02
153	1.143951e-04	3.942772e-02
154	1.165185e-04	3.972952e-02
155	1.186659e-04	4.003150e-02
156	1.208366e-04	4.033353e-02
157	1.230300e-04	4.063554e-02
158	1.252454e-04	4.093743e-02
159	1.274826e-04	4.123914e-02
160	1.297415e-04	4.154064e-02
161	1.320220e-04	4.184190e-02
162	1.343239e-04	4.214289e-02
163	1.366470e-04	4.244356e-02
164	1.389908e-04	4.274386e-02
165	1.413549e-04	4.304373e-02
166	1.437387e-04	4.334311e-02
167	1.461418e-04	4.364193e-02
168	1.485637e-04	4.394015e-02
169	1.510038e-04	4.423773e-02
170	1.534615e-04	4.453459e-02
171	1.559364e-04	4.483071e-02
172	1.584276e-04	4.512600e-02
173	1.609344e-04	4.542043e-02
174	1.634559e-04	4.571390e-02
175	1.659912e-04	4.600637e-02
176	1.685395e-04	4.629778e-02
177	1.710998e-04	4.658807e-02
178	1.736712e-04	4.687719e-02
179	1.762527e-04	4.716508e-02
180	1.788433e-04	4.745169e-02
181	1.814422e-04	4.773699e-02
182	1.840485e-04	4.802095e-02
183	1.866616e-04	4.830356e-02
184	1.892808e-04	4.858480e-02
185	1.919056e-04	4.886468e-02
186	1.945355e-04	4.914320e-02
187	1.971703e-04	4.942040e-02
188	1.998097e-04	4.969631e-02
189	2.024535e-04	4.997095e-02
190	2.051013e-04	5.024433e-02
191	2.077529e-04	5.051652e-02
192	2.104083e-04	5.078752e-02
193	2.130670e-04	5.105737e-02
194	2.157285e-04	5.132608e-02
195	2.183926e-04	5.159365e-02
196	2.210590e-04	5.186011e-02
197	2.237274e-04	5.212550e-02
198	2.263975e-04	5.238983e-02
199	2.290695e-04	5.265313e-02
200	2.317433e-04	5.291547e-02
201	2.344192e-04	5.317687e-02
202	2.370973e-04	5.343740e-02
203	2.397782e-04	5.369711e-02
204	2.424626e-04	5.395610e-02
205	2.451512e-04	5.421444e-02
206	2.478450e-04	5.447223e-02
207	2.505454e-04	5.472959e-02
208	2.532539e-04	5.498665e-02
209	2.559723e-04	5.524356e-02
210	2.587026e-04	5.550049e-02
211	2.614475e-04	5.575763e-02
212	2.642098e-04	5.601519e-02
213	2.669925e-04	5.627339e-02
214	2.697992e-04	5.653249e-02
215	2.726337e-04	5.679273e-02
216	2.754997e-04	5.705438e-02
217	2.784009e-04	5.731768e-02
218	2.813407e-04	5.758284e-02
219	2.843223e-04	5.785008e-02
220	2.873484e-04	5.811956e-02
221	2.904213e-04	5.839142e-02
222	2.935427e-04	5.866578e-02
223	2.967141e-04	5.894271e-02
224	2.999366e-04	5.922228e-02
225	3.032114e-04	5.950455e-02
226	3.065391e-04	5.978955e-02
227	3.099210e-04	6.007736e-02
228	3.133579e-04	6.036802e-02
229	3.168512e-04	6.066160e-02
230	3.204022e-04	6.095817e-02
231	3.240125e-04	6.125782e-02
232	3.276840e-04	6.156066e-02
233	3.314189e-04	6.186682e-02
234	3.352191e-04	6.217638e-02
235	3.390868e-04	6.248947e-02
236	3.430237e-04	6.280617e-02
237	3.470317e-04	6.312656e-02
238	3.511117e-04	6.345069e-02
239	3.552647e-04	6.377858e-02
240	3.594908e-04	6.411022e-02
241	3.637898e-04	6.444557e-02
242	3.681609e-04	6.478457e-02
243	3.726034e-04	6.512713e-02
244	3.771157e-04	6.547318e-02
245	3.816967e-04	6.582263e-02
246	3.863447e-04	6.617540e-02
247	3.910580e-04	6.653142e-02
248	3.958344e-04	6.689051e-02
249	4.006714e-04	6.725251e-02
250	4.055670e-04	6.761729e-02
251	4.105184e-04	6.798470e-02
252	4.155230e-04	6.835457e-02
253	4.205774e-04	6.872672e-02
254	4.256779e-04	6.910094e-02
255	4.308204e-04	6.947700e-02
256	4.360004e-04	6.985467e-02
257	4.412123e-04	7.023365e-02
258	4.464510e-04	7.061367e-02
259	4.517103e-04	7.099442e-02
260	4.569837e-04	7.137557e-02
261	4.622645e-04	7.175679e-02
262	4.675456e-04	7.213772e-02
263	4.728188e-04	7.251798e-02
264	4.780761e-04	7.289719e-02
265	4.833088e-04	7.327492e-02
266	4.885074e-04	7.365075e-02
267	4.936621e-04	7.402422e-02
268	4.987627e-04	7.439486e-02
269	5.037986e-04	7.476220e-02
270	5.087586e-04	7.512574e-02
271	5.136311e-04	7.548496e-02
272	5.184046e-04	7.583936e-02
273	5.230670e-04	7.618841e-02
274	5.276058e-04	7.653156e-02
275	5.320090e-04	7.686830e-02
276	5.362643e-04	7.719808e-02
277	5.403595e-04	7.752040e-02
278	5.442827e-04	7.783472e-02
279	5.480221e-04	7.814054e-02
280	5.515667e-04	7.843740e-02
281	5.549057e-04	7.872481e-02
282	5.580292e-04	7.900237e-02
283	5.609280e-04	7.926966e-02
284	5.635935e-04	7.952631e-02
285	5.660183e-04	7.977198e-02
286	5.681960e-04	8.000638e-02
287	5.701214e-04	8.022928e-02
288	5.717903e-04	8.044045e-02
289	5.731999e-04	8.063976e-02
290	5.743486e-04	8.082708e-02
291	5.752360e-04	8.100236e-02
292	5.758634e-04	8.116559e-02
293	5.762329e-04	8.131682e-02
294	5.763492e-04	8.145617e-02
295	5.762192e-04	8.158388e-02
296	5.758503e-04	8.170021e-02
297	5.752512e-04	8.180543e-02
298	5.744313e-04	8.189990e-02
299	5.734013e-04	8.198399e-02
300	5.721731e-04	8.205813e-02
301	5.707597e-04	8.212282e-02
302	5.691750e-04	8.217858e-02
303	5.674337e-04	8.222600e-02
304	5.655513e-04	8.226568e-02
305	5.635443e-04	8.229831e-02
306	5.614292e-04	8.232456e-02
307	5.592231e-04	8.234515e-02
308	5.569434e-04	8.236084e-02
309	5.546082e-04	8.237242e-02
310	5.522354e-04	8.238069e-02
311	5.498421e-04	8.238646e-02
312	5.474459e-04	8.239054e-02
313	5.450638e-04	8.239375e-02
314	5.427115e-04	8.239686e-02
315	5.404044e-04	8.240064e-02
316	5.381568e-04	8.240583e-02
317	5.359819e-04	8.241312e-02
318	5.338917e-04	8.242316e-02
319	5.318972e-04	8.243657e-02
320	5.300077e-04	8.245389e-02
321	5.282319e-04	8.247563e-02
322	5.265762e-04	8.250220e-02
323	5.250466e-04	8.253398e-02
324	5.236471e-04	8.257127e-02
325	5.223807e-04	8.261430e-02
326	5.212494e-04	8.266324e-02
327	5.202538e-04	8.271821e-02
328	5.193941e-04	8.277929e-02
329	5.186691e-04	8.284650e-02
330	5.180775e-04	8.291982e-02
331	5.176170e-04	8.299920e-02
332	5.172848e-04	8.308454e-02
333	5.170775e-04	8.317571e-02
334	5.169919e-04	8.327257e-02
335	5.170240e-04	8.337497e-02
336	5.171701e-04	8.348271e-02
337	5.174261e-04	8.359562e-02
338	5.177882e-04	8.371351e-02
339	5.182522e-04	8.383619e-02
340	5.188143e-04	8.396344e-02
341	5.194707e-04	8.409510e-02
342	5.202176e-04	8.423097e-02
343	5.210514e-04	8.437085e-02
344	5.219685e-04	8.451457e-02
345	5.229654e-04	8.466193e-02
346	5.240390e-04	8.481278e-02
347	5.251859e-04	8.496691e-02
348	5.264030e-04	8.512417e-02
349	5.276870e-04	8.528437e-02
350	5.290354e-04	8.544736e-02
351	5.304454e-04	8.561300e-02
352	5.319141e-04	8.578111e-02
353	5.334392e-04	8.595157e-02
354	5.350183e-04	8.612424e-02
355	5.366492e-04	8.629899e-02
356	5.383299e-04	8.647571e-02
357	5.400586e-04	8.665429e-02
358	5.418337e-04	8.683464e-02
359	5.436539e-04	8.701667e-02
360	5.455180e-04	8.720034e-02
361	5.474252e-04	8.738558e-02
362	5.493745e-04	8.757234e-02
363	5.513657e-04	8.776060e-02
364	5.533986e-04	8.795037e-02
365	5.554730e-04	8.814162e-02
366	5.575885e-04	8.833435e-02
367	5.597450e-04	8.852854e-02
368	5.619425e-04	8.872420e-02
369	5.641805e-04	8.892130e-02
370	5.664583e-04	8.911980e-02
371	5.687750e-04	8.931966e-02
372	5.711297e-04	8.952082e-02
373	5.735213e-04	8.972322e-02
374	5.759481e-04	8.992678e-02
375	5.784083e-04	9.013138e-02
376	5.809001e-04	9.033693e-02
377	5.834215e-04	9.054332e-02
378	5.859709e-04	9.075046e-02
379	5.885469e-04	9.095829e-02
380	5.911484e-04	9.116673e-02
381	5.937746e-04	9.137575e-02
382	5.964251e-04	9.158535e-02
383	5.990999e-04	9.179551e-02
384	6.017994e-04	9.200628e-02
385	6.045244e-04	9.221771e-02
386	6.072755e-04	9.242983e-02
387	6.100536e-04	9.264271e-02
388	6.128597e-04	9.285641e-02
389	6.156949e-04	9.307099e-02
390	6.185606e-04	9.328654e-02
391	6.214577e-04	9.350312e-02
392	6.243872e-04	9.372078e-02
393	6.273500e-04	9.393959e-02
394	6.303473e-04	9.415961e-02
395	6.333799e-04	9.438090e-02
396	6.364483e-04	9.460347e-02
397	6.395529e-04	9.482736e-02
398	6.426945e-04	9.505261e-02
