t_index	avg_L2_error	avg_relative_error
0	7.299486e-04	3.324265e-03
1	2.565011e-03	6.305485e-03
2	4.897055e-03	8.860243e-03
3	7.210188e-03	1.096387e-02
4	9.256192e-03	1.266165e-02
5	1.100863e-02	1.403082e-02
6	1.248936e-02	1.512960e-02
7	1.374868e-02	1.601367e-02
8	1.483773e-02	1.673552e-02
9	1.578869e-02	1.733591e-02
10	1.661780e-02	1.784179e-02
11	1.733101e-02	1.826955e-02
12	1.794223e-02	1.863326e-02
13	1.847323e-02	1.894668e-02
14	1.895296e-02	1.922606e-02
15	1.941960e-02	1.949077e-02
16	1.989956e-02	1.975495e-02
17	2.039621e-02	2.002267e-02
18	2.089547e-02	2.028920e-02
19	2.139146e-02	2.055187e-02
20	2.188310e-02	2.080993e-02
21	2.238381e-02	2.106774e-02
22	2.289729e-02	2.132679e-02
23	2.342381e-02	2.158735e-02
24	2.395658e-02	2.184726e-02
25	2.448374e-02	2.210291e-02
26	2.499913e-02	2.235204e-02
27	2.550892e-02	2.259406e-02
28	2.600584e-02	2.282406e-02
29	2.648859e-02	2.304183e-02
30	2.697763e-02	2.325702e-02
31	2.748172e-02	2.347638e-02
32	2.798288e-02	2.369561e-02
33	2.847657e-02	2.391256e-02
34	2.898791e-02	2.413512e-02
35	2.952641e-02	2.436614e-02
36	3.006591e-02	2.459647e-02
37	3.059231e-02	2.482215e-02
38	3.112002e-02	2.504842e-02
39	3.165788e-02	2.527658e-02
40	3.220201e-02	2.550380e-02
41	3.276119e-02	2.573268e-02
42	3.333548e-02	2.596399e-02
43	3.390723e-02	2.619419e-02
44	3.447935e-02	2.642603e-02
45	3.506690e-02	2.666319e-02
46	3.567184e-02	2.690376e-02
47	3.628999e-02	2.714488e-02
48	3.692773e-02	2.738733e-02
49	3.759138e-02	2.763275e-02
50	3.828467e-02	2.788294e-02
51	3.901002e-02	2.813949e-02
52	3.975957e-02	2.840139e-02
53	4.052591e-02	2.866780e-02
54	4.130198e-02	2.893672e-02
55	4.208714e-02	2.920645e-02
56	4.288021e-02	2.947617e-02
57	4.368939e-02	2.974790e-02
58	4.451496e-02	3.002130e-02
59	4.535623e-02	3.029645e-02
60	4.620985e-02	3.057319e-02
61	4.708828e-02	3.085445e-02
62	4.797827e-02	3.113681e-02
63	4.886807e-02	3.141781e-02
64	4.976310e-02	3.169921e-02
65	5.069160e-02	3.198859e-02
66	5.164652e-02	3.228387e-02
67	5.262167e-02	3.258186e-02
68	5.359618e-02	3.287773e-02
69	5.459162e-02	3.317757e-02
70	5.561670e-02	3.348329e-02
71	5.668760e-02	3.379683e-02
72	5.778172e-02	3.411321e-02
73	5.889164e-02	3.443234e-02
74	6.002185e-02	3.475567e-02
75	6.118752e-02	3.508598e-02
76	6.240376e-02	3.542632e-02
77	6.364407e-02	3.577117e-02
78	6.489732e-02	3.611692e-02
79	6.614140e-02	3.645771e-02
80	6.739795e-02	3.679762e-02
81	6.867460e-02	3.713961e-02
82	6.995922e-02	3.748268e-02
83	7.125294e-02	3.782596e-02
84	7.255100e-02	3.816675e-02
85	7.387126e-02	3.850803e-02
86	7.520708e-02	3.884957e-02
87	7.653853e-02	3.918755e-02
88	7.787181e-02	3.952159e-02
89	7.921186e-02	3.985234e-02
90	8.058187e-02	4.018534e-02
91	8.198432e-02	4.052206e-02
92	8.338481e-02	4.085699e-02
93	8.477601e-02	4.118926e-02
94	8.616669e-02	4.152077e-02
95	8.756336e-02	4.185269e-02
96	8.900001e-02	4.218937e-02
97	9.046003e-02	4.252880e-02
98	9.193692e-02	4.286914e-02
99	9.341715e-02	4.320727e-02
100	9.488273e-02	4.354095e-02
101	9.635474e-02	4.387467e-02
102	9.786332e-02	4.421299e-02
103	9.941592e-02	4.455660e-02
104	1.010151e-01	4.490650e-02
105	1.026471e-01	4.526183e-02
106	1.042748e-01	4.561793e-02
107	1.058827e-01	4.597230e-02
108	1.074838e-01	4.632567e-02
109	1.091004e-01	4.668036e-02
110	1.107531e-01	4.703934e-02
111	1.124440e-01	4.740274e-02
112	1.141465e-01	4.776638e-02
113	1.158483e-01	4.812843e-02
114	1.175557e-01	4.849057e-02
115	1.192843e-01	4.885550e-02
116	1.210407e-01	4.922371e-02
117	1.228175e-01	4.959309e-02
118	1.245831e-01	4.995933e-02
119	1.263490e-01	5.032362e-02
120	1.281360e-01	5.068890e-02
121	1.299626e-01	5.105726e-02
122	1.318050e-01	5.142635e-02
123	1.336763e-01	5.179749e-02
124	1.355767e-01	5.217128e-02
125	1.374890e-01	5.254715e-02
126	1.393795e-01	5.292270e-02
127	1.412694e-01	5.329925e-02
128	1.431650e-01	5.367613e-02
129	1.450776e-01	5.405337e-02
130	1.470246e-01	5.443265e-02
131	1.489973e-01	5.481409e-02
132	1.510165e-01	5.519959e-02
133	1.530463e-01	5.558508e-02
134	1.550554e-01	5.596712e-02
135	1.570526e-01	5.634683e-02
136	1.590599e-01	5.672688e-02
137	1.610855e-01	5.710836e-02
138	1.631269e-01	5.749086e-02
139	1.651612e-01	5.787243e-02
140	1.671971e-01	5.825398e-02
141	1.692463e-01	5.863616e-02
142	1.713021e-01	5.901839e-02
143	1.733917e-01	5.940442e-02
144	1.755264e-01	5.979610e-02
145	1.776533e-01	6.018676e-02
146	1.797448e-01	6.057125e-02
147	1.818413e-01	6.095467e-02
148	1.839901e-01	6.134553e-02
149	1.861825e-01	6.174304e-02
150	1.883562e-01	6.213768e-02
151	1.905072e-01	6.252944e-02
152	1.927207e-01	6.293057e-02
153	1.950019e-01	6.334122e-02
154	1.972573e-01	6.374758e-02
155	1.994897e-01	6.414915e-02
156	2.017833e-01	6.455749e-02
157	2.041107e-01	6.496977e-02
158	2.063818e-01	6.537416e-02
159	2.086398e-01	6.577638e-02
160	2.109779e-01	6.618891e-02
161	2.133464e-01	6.660499e-02
162	2.156628e-01	6.701388e-02
163	2.179869e-01	6.742344e-02
164	2.203826e-01	6.784092e-02
165	2.227845e-01	6.825700e-02
166	2.251584e-01	6.866859e-02
167	2.275675e-01	6.908524e-02
168	2.299923e-01	6.950375e-02
169	2.323708e-01	6.991491e-02
170	2.347603e-01	7.032599e-02
171	2.372074e-01	7.074354e-02
172	2.396537e-01	7.116001e-02
173	2.420729e-01	7.157214e-02
174	2.445103e-01	7.198673e-02
175	2.469825e-01	7.240687e-02
176	2.494587e-01	7.282843e-02
177	2.519453e-01	7.325033e-02
178	2.544732e-01	7.367615e-02
179	2.570390e-01	7.410721e-02
180	2.596058e-01	7.453897e-02
181	2.621541e-01	7.496702e-02
182	2.647303e-01	7.539684e-02
183	2.673737e-01	7.583486e-02
184	2.700357e-01	7.627502e-02
185	2.726708e-01	7.671077e-02
186	2.753271e-01	7.714829e-02
187	2.780445e-01	7.759353e-02
188	2.807966e-01	7.804224e-02
189	2.835345e-01	7.848807e-02
190	2.862974e-01	7.893563e-02
191	2.891064e-01	7.938832e-02
192	2.919473e-01	7.984282e-02
193	2.947872e-01	8.029554e-02
194	2.976359e-01	8.074861e-02
195	3.005013e-01	8.120261e-02
196	3.033855e-01	8.165673e-02
197	3.062867e-01	8.211187e-02
198	3.091731e-01	8.256704e-02
199	3.121234e-01	8.302614e-02
200	3.150760e-01	8.348445e-02
201	3.180027e-01	8.394187e-02
202	3.210361e-01	8.440716e-02
203	3.240443e-01	8.486969e-02
204	3.270324e-01	8.532988e-02
205	3.301100e-01	8.579601e-02
206	3.331556e-01	8.625959e-02
207	3.362308e-01	8.672398e-02
208	3.393566e-01	8.719128e-02
209	3.424492e-01	8.765618e-02
210	3.455986e-01	8.812345e-02
211	3.487534e-01	8.859008e-02
212	3.519229e-01	8.905761e-02
213	3.551581e-01	8.952879e-02
214	3.583731e-01	8.999770e-02
215	3.616216e-01	9.046802e-02
216	3.648705e-01	9.093722e-02
217	3.681059e-01	9.140383e-02
218	3.713801e-01	9.187172e-02
219	3.746619e-01	9.233951e-02
220	3.779870e-01	9.280896e-02
221	3.813313e-01	9.327863e-02
222	3.846884e-01	9.374891e-02
223	3.880700e-01	9.422021e-02
224	3.914481e-01	9.469043e-02
225	3.948698e-01	9.516325e-02
226	3.983294e-01	9.563830e-02
227	4.018183e-01	9.611463e-02
228	4.053418e-01	9.659287e-02
229	4.088687e-01	9.707097e-02
230	4.124117e-01	9.754899e-02
231	4.159631e-01	9.802636e-02
232	4.195407e-01	9.850457e-02
233	4.231510e-01	9.898394e-02
234	4.267768e-01	9.946338e-02
235	4.304338e-01	9.994423e-02
236	4.341034e-01	1.004253e-01
237	4.377983e-01	1.009073e-01
238	4.415233e-01	1.013912e-01
239	4.452688e-01	1.018762e-01
240	4.490472e-01	1.023628e-01
241	4.528461e-01	1.028498e-01
242	4.566548e-01	1.033366e-01
243	4.604689e-01	1.038225e-01
244	4.643115e-01	1.043096e-01
245	4.681984e-01	1.047994e-01
246	4.721163e-01	1.052909e-01
247	4.760566e-01	1.057832e-01
248	4.800028e-01	1.062749e-01
249	4.839507e-01	1.067654e-01
250	4.878997e-01	1.072546e-01
251	4.918623e-01	1.077442e-01
252	4.958571e-01	1.082360e-01
253	4.998757e-01	1.087291e-01
254	5.039149e-01	1.092232e-01
255	5.079671e-01	1.097173e-01
256	5.120270e-01	1.102109e-01
257	5.161138e-01	1.107057e-01
258	5.202326e-01	1.112024e-01
259	5.243626e-01	1.116986e-01
260	5.284860e-01	1.121926e-01
261	5.326060e-01	1.126845e-01
262	5.367437e-01	1.131766e-01
263	5.409123e-01	1.136700e-01
264	5.451032e-01	1.141642e-01
265	5.493001e-01	1.146578e-01
266	5.535040e-01	1.151508e-01
267	5.577314e-01	1.156446e-01
268	5.619874e-01	1.161401e-01
269	5.662591e-01	1.166357e-01
270	5.705341e-01	1.171304e-01
271	5.748109e-01	1.176237e-01
272	5.790953e-01	1.181166e-01
273	5.833947e-01	1.186096e-01
274	5.877078e-01	1.191028e-01
275	5.920230e-01	1.195951e-01
276	5.963379e-01	1.200864e-01
277	6.006682e-01	1.205783e-01
278	6.050232e-01	1.210716e-01
279	6.094014e-01	1.215661e-01
280	6.137950e-01	1.220609e-01
281	6.181935e-01	1.225550e-01
282	6.225986e-01	1.230483e-01
283	6.270228e-01	1.235419e-01
284	6.314688e-01	1.240361e-01
285	6.359280e-01	1.245302e-01
286	6.403963e-01	1.250238e-01
287	6.448805e-01	1.255174e-01
288	6.493897e-01	1.260116e-01
289	6.539201e-01	1.265062e-01
290	6.584615e-01	1.270007e-01
291	6.630167e-01	1.274954e-01
292	6.675937e-01	1.279907e-01
293	6.721855e-01	1.284862e-01
294	6.767789e-01	1.289808e-01
295	6.813757e-01	1.294744e-01
296	6.859918e-01	1.299680e-01
297	6.906327e-01	1.304621e-01
298	6.952914e-01	1.309566e-01
299	6.999663e-01	1.314514e-01
300	7.046487e-01	1.319458e-01
301	7.093360e-01	1.324395e-01
302	7.140344e-01	1.329332e-01
303	7.187292e-01	1.334260e-01
304	7.234159e-01	1.339175e-01
305	7.281165e-01	1.344094e-01
306	7.328388e-01	1.349020e-01
307	7.375625e-01	1.353941e-01
308	7.422764e-01	1.358849e-01
309	7.470031e-01	1.363760e-01
310	7.517552e-01	1.368684e-01
311	7.565108e-01	1.373604e-01
312	7.612558e-01	1.378510e-01
313	7.659968e-01	1.383408e-01
314	7.707376e-01	1.388300e-01
315	7.754828e-01	1.393190e-01
316	7.802415e-01	1.398086e-01
317	7.850061e-01	1.402982e-01
318	7.897568e-01	1.407865e-01
319	7.944982e-01	1.412741e-01
320	7.992610e-01	1.417629e-01
321	8.040567e-01	1.422540e-01
322	8.088465e-01	1.427445e-01
323	8.135983e-01	1.432321e-01
324	8.183365e-01	1.437182e-01
325	8.230992e-01	1.442053e-01
326	8.278838e-01	1.446935e-01
327	8.326568e-01	1.451810e-01
328	8.374087e-01	1.456670e-01
329	8.421648e-01	1.461532e-01
330	8.469407e-01	1.466402e-01
331	8.517221e-01	1.471270e-01
332	8.564947e-01	1.476129e-01
333	8.612682e-01	1.480985e-01
334	8.660588e-01	1.485849e-01
335	8.708681e-01	1.490725e-01
336	8.756835e-01	1.495604e-01
337	8.805071e-01	1.500486e-01
338	8.853554e-01	1.505382e-01
339	8.902226e-01	1.510289e-01
340	8.950915e-01	1.515196e-01
341	8.999641e-01	1.520105e-01
342	9.048621e-01	1.525029e-01
343	9.097989e-01	1.529974e-01
344	9.147611e-01	1.534931e-01
345	9.197291e-01	1.539887e-01
346	9.246993e-01	1.544841e-01
347	9.296887e-01	1.549803e-01
348	9.347165e-01	1.554785e-01
349	9.397787e-01	1.559787e-01
350	9.448552e-01	1.564793e-01
351	9.499411e-01	1.569800e-01
352	9.550553e-01	1.574818e-01
353	9.602158e-01	1.579861e-01
354	9.654134e-01	1.584925e-01
355	9.706249e-01	1.589997e-01
356	9.758403e-01	1.595070e-01
357	9.810684e-01	1.600149e-01
358	9.863319e-01	1.605247e-01
359	9.916491e-01	1.610376e-01
360	9.970094e-01	1.615528e-01
361	1.002389e+00	1.620685e-01
362	1.007784e+00	1.625846e-01
363	1.013206e+00	1.631017e-01
364	1.018653e+00	1.636200e-01
365	1.024121e+00	1.641393e-01
366	1.029611e+00	1.646599e-01
367	1.035121e+00	1.651817e-01
368	1.040661e+00	1.657050e-01
369	1.046248e+00	1.662310e-01
370	1.051882e+00	1.667597e-01
371	1.057544e+00	1.672900e-01
372	1.063226e+00	1.678217e-01
373	1.068930e+00	1.683551e-01
374	1.074654e+00	1.688897e-01
375	1.080404e+00	1.694257e-01
376	1.086188e+00	1.699639e-01
377	1.091995e+00	1.705034e-01
378	1.097818e+00	1.710441e-01
379	1.103659e+00	1.715862e-01
380	1.109511e+00	1.721290e-01
381	1.115374e+00	1.726723e-01
382	1.121256e+00	1.732169e-01
383	1.127152e+00	1.737626e-01
384	1.133050e+00	1.743086e-01
385	1.138956e+00	1.748552e-01
386	1.144872e+00	1.754026e-01
387	1.150794e+00	1.759505e-01
388	1.156725e+00	1.764989e-01
389	1.162659e+00	1.770476e-01
390	1.168579e+00	1.775954e-01
391	1.174488e+00	1.781426e-01
392	1.180394e+00	1.786898e-01
393	1.186290e+00	1.792364e-01
394	1.192178e+00	1.797826e-01
395	1.198062e+00	1.803285e-01
396	1.203934e+00	1.808738e-01
397	1.209795e+00	1.814186e-01
398	1.215652e+00	1.819634e-01
