t_index	avg_L2_error	avg_relative_error
0	5.815483e-05	9.230184e-04
1	1.787275e-04	1.625101e-03
2	3.320131e-04	2.221198e-03
3	4.963193e-04	2.723054e-03
4	6.541868e-04	3.144493e-03
5	8.233291e-04	3.527965e-03
6	9.862850e-04	3.871044e-03
7	1.156285e-03	4.195565e-03
8	1.329279e-03	4.503008e-03
9	1.511094e-03	4.799593e-03
10	1.705988e-03	5.090258e-03
11	1.890204e-03	5.355713e-03
12	2.055942e-03	5.592862e-03
13	2.206840e-03	5.807737e-03
14	2.344838e-03	6.001056e-03
15	2.469688e-03	6.177975e-03
16	2.600537e-03	6.353494e-03
17	2.743659e-03	6.533058e-03
18	2.902325e-03	6.720339e-03
19	3.070123e-03	6.909186e-03
20	3.238417e-03	7.094075e-03
21	3.413776e-03	7.276474e-03
22	3.614849e-03	7.462914e-03
23	3.815485e-03	7.642106e-03
24	4.046948e-03	7.828958e-03
25	4.273204e-03	8.011363e-03
26	4.522985e-03	8.199616e-03
27	4.807477e-03	8.401441e-03
28	5.113415e-03	8.608977e-03
29	5.433067e-03	8.815049e-03
30	5.760727e-03	9.023767e-03
31	6.066868e-03	9.227904e-03
32	6.404904e-03	9.440558e-03
33	6.718604e-03	9.642635e-03
34	6.990312e-03	9.834001e-03
35	7.322901e-03	1.004516e-02
36	7.627243e-03	1.024407e-02
37	7.867057e-03	1.041858e-02
38	8.115571e-03	1.059403e-02
39	8.388526e-03	1.077386e-02
40	8.576912e-03	1.092947e-02
41	8.793631e-03	1.109144e-02
42	9.023842e-03	1.125893e-02
43	9.192732e-03	1.141445e-02
44	9.410442e-03	1.158335e-02
45	9.609059e-03	1.174500e-02
46	9.852027e-03	1.191507e-02
47	1.004756e-02	1.207002e-02
48	1.025479e-02	1.222687e-02
49	1.046743e-02	1.238633e-02
50	1.071279e-02	1.255842e-02
51	1.102005e-02	1.274904e-02
52	1.137213e-02	1.295411e-02
53	1.169992e-02	1.314789e-02
54	1.198458e-02	1.333186e-02
55	1.230314e-02	1.352702e-02
56	1.261573e-02	1.372005e-02
57	1.296495e-02	1.391888e-02
58	1.334675e-02	1.413496e-02
59	1.376327e-02	1.435857e-02
60	1.416081e-02	1.457403e-02
61	1.458380e-02	1.479388e-02
62	1.496919e-02	1.500141e-02
63	1.535548e-02	1.520823e-02
64	1.580003e-02	1.542878e-02
65	1.625903e-02	1.565222e-02
66	1.668858e-02	1.587302e-02
67	1.718913e-02	1.611398e-02
68	1.771431e-02	1.636256e-02
69	1.822755e-02	1.661069e-02
70	1.875437e-02	1.686729e-02
71	1.933770e-02	1.713493e-02
72	1.992657e-02	1.740006e-02
73	2.050519e-02	1.767210e-02
74	2.115353e-02	1.797840e-02
75	2.184992e-02	1.829612e-02
76	2.264955e-02	1.865013e-02
77	2.345264e-02	1.900574e-02
78	2.427992e-02	1.936611e-02
79	2.514541e-02	1.972632e-02
80	2.609556e-02	2.010712e-02
81	2.706612e-02	2.049168e-02
82	2.816614e-02	2.090813e-02
83	2.936822e-02	2.134006e-02
84	3.061897e-02	2.176319e-02
85	3.184514e-02	2.215963e-02
86	3.310481e-02	2.254720e-02
87	3.431295e-02	2.292148e-02
88	3.551135e-02	2.327876e-02
89	3.658308e-02	2.359977e-02
90	3.775614e-02	2.394777e-02
91	3.884230e-02	2.427074e-02
92	3.970826e-02	2.454837e-02
93	4.078750e-02	2.486179e-02
94	4.187572e-02	2.518785e-02
95	4.275890e-02	2.546480e-02
96	4.382656e-02	2.576955e-02
97	4.491352e-02	2.608071e-02
98	4.587168e-02	2.638012e-02
99	4.693665e-02	2.669269e-02
100	4.795989e-02	2.698514e-02
101	4.891599e-02	2.727773e-02
102	5.017796e-02	2.762539e-02
103	5.120986e-02	2.792515e-02
104	5.227843e-02	2.822920e-02
105	5.352811e-02	2.856566e-02
106	5.458314e-02	2.887749e-02
107	5.572780e-02	2.918881e-02
108	5.679105e-02	2.949223e-02
109	5.802594e-02	2.982974e-02
110	5.917836e-02	3.014729e-02
111	6.028869e-02	3.045821e-02
112	6.153147e-02	3.078797e-02
113	6.273753e-02	3.111700e-02
114	6.401545e-02	3.145878e-02
115	6.529004e-02	3.178781e-02
116	6.660710e-02	3.212699e-02
117	6.802732e-02	3.248811e-02
118	6.943708e-02	3.284012e-02
119	7.081863e-02	3.318279e-02
120	7.226049e-02	3.353691e-02
121	7.394493e-02	3.393006e-02
122	7.551875e-02	3.429781e-02
123	7.705691e-02	3.465464e-02
124	7.889382e-02	3.506789e-02
125	8.053854e-02	3.544752e-02
126	8.223316e-02	3.582523e-02
127	8.393547e-02	3.621369e-02
128	8.582844e-02	3.662448e-02
129	8.769999e-02	3.702284e-02
130	8.948604e-02	3.740693e-02
131	9.152720e-02	3.782870e-02
132	9.336147e-02	3.822122e-02
133	9.519132e-02	3.860438e-02
134	9.705453e-02	3.899792e-02
135	9.902806e-02	3.940538e-02
136	1.009137e-01	3.979126e-02
137	1.028734e-01	4.018836e-02
138	1.049429e-01	4.060129e-02
139	1.067971e-01	4.097914e-02
140	1.087099e-01	4.136581e-02
141	1.107133e-01	4.176836e-02
142	1.126801e-01	4.215869e-02
143	1.148246e-01	4.257197e-02
144	1.169645e-01	4.298718e-02
145	1.190168e-01	4.338934e-02
146	1.212153e-01	4.380073e-02
147	1.232765e-01	4.419860e-02
148	1.255003e-01	4.461246e-02
149	1.276395e-01	4.501417e-02
150	1.296558e-01	4.539851e-02
151	1.319315e-01	4.582140e-02
152	1.340322e-01	4.622068e-02
153	1.363265e-01	4.664375e-02
154	1.384928e-01	4.704719e-02
155	1.407151e-01	4.745668e-02
156	1.430659e-01	4.787295e-02
157	1.453723e-01	4.828863e-02
158	1.476352e-01	4.868926e-02
159	1.501705e-01	4.912449e-02
160	1.526127e-01	4.954795e-02
161	1.551321e-01	4.997722e-02
162	1.578162e-01	5.042723e-02
163	1.601867e-01	5.083748e-02
164	1.628946e-01	5.128707e-02
165	1.655793e-01	5.172479e-02
166	1.681670e-01	5.215231e-02
167	1.710276e-01	5.260586e-02
168	1.737235e-01	5.304472e-02
169	1.766217e-01	5.350162e-02
170	1.795621e-01	5.396130e-02
171	1.824189e-01	5.441600e-02
172	1.856216e-01	5.489927e-02
173	1.884339e-01	5.534262e-02
174	1.915774e-01	5.581743e-02
175	1.947370e-01	5.629276e-02
176	1.977578e-01	5.675343e-02
177	2.010423e-01	5.723285e-02
178	2.041087e-01	5.769454e-02
179	2.074459e-01	5.818087e-02
180	2.107082e-01	5.865746e-02
181	2.139923e-01	5.913001e-02
182	2.173236e-01	5.960541e-02
183	2.206417e-01	6.008460e-02
184	2.240649e-01	6.056921e-02
185	2.275237e-01	6.105014e-02
186	2.310647e-01	6.153743e-02
187	2.346062e-01	6.203035e-02
188	2.381963e-01	6.252356e-02
189	2.418447e-01	6.301597e-02
190	2.455735e-01	6.351404e-02
191	2.493302e-01	6.401821e-02
192	2.529644e-01	6.450757e-02
193	2.567146e-01	6.500097e-02
194	2.605213e-01	6.550025e-02
195	2.643752e-01	6.600196e-02
196	2.682688e-01	6.650100e-02
197	2.720534e-01	6.698958e-02
198	2.759616e-01	6.748778e-02
199	2.799822e-01	6.799260e-02
200	2.839361e-01	6.848850e-02
201	2.878760e-01	6.898241e-02
202	2.918314e-01	6.947533e-02
203	2.957967e-01	6.996622e-02
204	2.996883e-01	7.044551e-02
205	3.037810e-01	7.094427e-02
206	3.077282e-01	7.142317e-02
207	3.117817e-01	7.191282e-02
208	3.158521e-01	7.239822e-02
209	3.198846e-01	7.288424e-02
210	3.238375e-01	7.335694e-02
211	3.278603e-01	7.383958e-02
212	3.317712e-01	7.431273e-02
213	3.358125e-01	7.479813e-02
214	3.395890e-01	7.525738e-02
215	3.435572e-01	7.573988e-02
216	3.473003e-01	7.619850e-02
217	3.511282e-01	7.666595e-02
218	3.549198e-01	7.712900e-02
219	3.586554e-01	7.758618e-02
220	3.624378e-01	7.804838e-02
221	3.661174e-01	7.849694e-02
222	3.698899e-01	7.895733e-02
223	3.736236e-01	7.941093e-02
224	3.773460e-01	7.986237e-02
225	3.810615e-01	8.031252e-02
226	3.847826e-01	8.076370e-02
227	3.885031e-01	8.121693e-02
228	3.922209e-01	8.166588e-02
229	3.959536e-01	8.212106e-02
230	3.995412e-01	8.256046e-02
231	4.030818e-01	8.299944e-02
232	4.066320e-01	8.344003e-02
233	4.101868e-01	8.387947e-02
234	4.138106e-01	8.432601e-02
235	4.173321e-01	8.476376e-02
236	4.208339e-01	8.520554e-02
237	4.241990e-01	8.563338e-02
238	4.275400e-01	8.606325e-02
239	4.308313e-01	8.648802e-02
240	4.340624e-01	8.690711e-02
241	4.373098e-01	8.733056e-02
242	4.404351e-01	8.773931e-02
243	4.435261e-01	8.815061e-02
244	4.465378e-01	8.855353e-02
245	4.495363e-01	8.895844e-02
246	4.525578e-01	8.936436e-02
247	4.553625e-01	8.975457e-02
248	4.581263e-01	9.014565e-02
249	4.609182e-01	9.053439e-02
250	4.635919e-01	9.091631e-02
251	4.663001e-01	9.130625e-02
252	4.689462e-01	9.168808e-02
253	4.715541e-01	9.206939e-02
254	4.741627e-01	9.245307e-02
255	4.766934e-01	9.282450e-02
256	4.792383e-01	9.319886e-02
257	4.817873e-01	9.357530e-02
258	4.843540e-01	9.394939e-02
259	4.868749e-01	9.432169e-02
260	4.893722e-01	9.469125e-02
261	4.919460e-01	9.506349e-02
262	4.945375e-01	9.543728e-02
263	4.971789e-01	9.581719e-02
264	4.998100e-01	9.619171e-02
265	5.025654e-01	9.657617e-02
266	5.053795e-01	9.696377e-02
267	5.081971e-01	9.735005e-02
268	5.110306e-01	9.773784e-02
269	5.138932e-01	9.812231e-02
270	5.168461e-01	9.851591e-02
271	5.198698e-01	9.891252e-02
272	5.229001e-01	9.930685e-02
273	5.260166e-01	9.971005e-02
274	5.291778e-01	1.001114e-01
275	5.324091e-01	1.005173e-01
276	5.357004e-01	1.009270e-01
277	5.390053e-01	1.013314e-01
278	5.423776e-01	1.017410e-01
279	5.458272e-01	1.021570e-01
280	5.492972e-01	1.025702e-01
281	5.527690e-01	1.029825e-01
282	5.562352e-01	1.033922e-01
283	5.597230e-01	1.038030e-01
284	5.632593e-01	1.042173e-01
285	5.668265e-01	1.046304e-01
286	5.703470e-01	1.050400e-01
287	5.738255e-01	1.054490e-01
288	5.773255e-01	1.058584e-01
289	5.808998e-01	1.062741e-01
290	5.844693e-01	1.066884e-01
291	5.880581e-01	1.071058e-01
292	5.916358e-01	1.075249e-01
293	5.951834e-01	1.079405e-01
294	5.986996e-01	1.083544e-01
295	6.022489e-01	1.087742e-01
296	6.057177e-01	1.091887e-01
297	6.090976e-01	1.095974e-01
298	6.124884e-01	1.100092e-01
299	6.158922e-01	1.104240e-01
300	6.193084e-01	1.108418e-01
301	6.226419e-01	1.112546e-01
302	6.258368e-01	1.116589e-01
303	6.290604e-01	1.120684e-01
304	6.322632e-01	1.124777e-01
305	6.355393e-01	1.128914e-01
306	6.386879e-01	1.132994e-01
307	6.417861e-01	1.137065e-01
308	6.449322e-01	1.141164e-01
309	6.480513e-01	1.145264e-01
310	6.512572e-01	1.149447e-01
311	6.543778e-01	1.153593e-01
312	6.575259e-01	1.157774e-01
313	6.607116e-01	1.161976e-01
314	6.639304e-01	1.166224e-01
315	6.672340e-01	1.170543e-01
316	6.706095e-01	1.174939e-01
317	6.739691e-01	1.179314e-01
318	6.773918e-01	1.183752e-01
319	6.808794e-01	1.188255e-01
320	6.844242e-01	1.192784e-01
321	6.880189e-01	1.197390e-01
322	6.916587e-01	1.202002e-01
323	6.952470e-01	1.206631e-01
324	6.988328e-01	1.211188e-01
325	7.025551e-01	1.215927e-01
326	7.061619e-01	1.220532e-01
327	7.100062e-01	1.225381e-01
328	7.137504e-01	1.230122e-01
329	7.175880e-01	1.234951e-01
330	7.215120e-01	1.239848e-01
331	7.255250e-01	1.244788e-01
332	7.296180e-01	1.249819e-01
333	7.336362e-01	1.254722e-01
334	7.378427e-01	1.259784e-01
335	7.419916e-01	1.264776e-01
336	7.462185e-01	1.269770e-01
337	7.504347e-01	1.274757e-01
338	7.546662e-01	1.279663e-01
339	7.590069e-01	1.284674e-01
340	7.633118e-01	1.289554e-01
341	7.677389e-01	1.294572e-01
342	7.721654e-01	1.299543e-01
343	7.766748e-01	1.304637e-01
344	7.812472e-01	1.309725e-01
345	7.859006e-01	1.314930e-01
346	7.906411e-01	1.320269e-01
347	7.954446e-01	1.325721e-01
348	8.002981e-01	1.331179e-01
349	8.051436e-01	1.336592e-01
350	8.099170e-01	1.341982e-01
351	8.148632e-01	1.347511e-01
352	8.196508e-01	1.352926e-01
353	8.244687e-01	1.358140e-01
354	8.291391e-01	1.363244e-01
355	8.340311e-01	1.368589e-01
356	8.388841e-01	1.373801e-01
357	8.434340e-01	1.378606e-01
358	8.482422e-01	1.383698e-01
359	8.531154e-01	1.388884e-01
360	8.577845e-01	1.393689e-01
361	8.626955e-01	1.398737e-01
362	8.675970e-01	1.403858e-01
363	8.723593e-01	1.408675e-01
364	8.771320e-01	1.413539e-01
365	8.821535e-01	1.418665e-01
366	8.870288e-01	1.423520e-01
367	8.919951e-01	1.428455e-01
368	8.970229e-01	1.433519e-01
369	9.021576e-01	1.438534e-01
370	9.070617e-01	1.443414e-01
371	9.124228e-01	1.448618e-01
372	9.175006e-01	1.453565e-01
373	9.228608e-01	1.458717e-01
374	9.281549e-01	1.463878e-01
375	9.336691e-01	1.469098e-01
376	9.390019e-01	1.474204e-01
377	9.446485e-01	1.479529e-01
378	9.501407e-01	1.484764e-01
379	9.560275e-01	1.490173e-01
380	9.619371e-01	1.495593e-01
381	9.678479e-01	1.501065e-01
382	9.737532e-01	1.506449e-01
383	9.795456e-01	1.511739e-01
384	9.857746e-01	1.517359e-01
385	9.918471e-01	1.522814e-01
386	9.981932e-01	1.528438e-01
387	1.004535e+00	1.534096e-01
388	1.010990e+00	1.539801e-01
389	1.017346e+00	1.545426e-01
390	1.024008e+00	1.551177e-01
391	1.030822e+00	1.557085e-01
392	1.037829e+00	1.563030e-01
393	1.044755e+00	1.568990e-01
394	1.051816e+00	1.575048e-01
395	1.058705e+00	1.580901e-01
396	1.065759e+00	1.586884e-01
397	1.072644e+00	1.592751e-01
398	1.079878e+00	1.598812e-01
