t_index	avg_L2_error	avg_relative_error
0	4.944084e-03	1.256493e-01
1	2.638277e-03	9.086608e-02
2	1.091166e-02	1.848581e-01
3	2.442219e-02	2.776474e-01
4	3.670496e-02	3.402259e-01
5	4.303082e-02	3.677928e-01
6	4.630337e-02	3.815653e-01
7	4.850700e-02	3.909885e-01
8	4.992138e-02	3.972079e-01
9	5.065444e-02	4.007561e-01
10	5.087014e-02	4.022613e-01
11	5.086146e-02	4.028199e-01
12	5.074560e-02	4.028855e-01
13	5.056079e-02	4.026133e-01
14	5.033251e-02	4.021081e-01
15	5.007694e-02	4.014410e-01
16	4.980818e-02	4.006757e-01
17	4.953757e-02	3.998633e-01
18	4.927140e-02	3.990341e-01
19	4.900926e-02	3.981909e-01
20	4.875177e-02	3.973403e-01
21	4.850391e-02	3.965062e-01
22	4.827434e-02	3.957267e-01
23	4.807419e-02	3.950492e-01
24	4.791622e-02	3.945274e-01
25	4.781206e-02	3.942113e-01
26	4.776878e-02	3.941319e-01
27	4.779268e-02	3.943169e-01
28	4.788767e-02	3.947838e-01
29	4.805539e-02	3.955403e-01
30	4.829738e-02	3.965936e-01
31	4.861344e-02	3.979429e-01
32	4.900133e-02	3.995784e-01
33	4.945704e-02	4.014825e-01
34	4.997549e-02	4.036323e-01
35	5.055178e-02	4.060051e-01
36	5.118070e-02	4.085764e-01
37	5.185650e-02	4.113186e-01
38	5.257264e-02	4.142008e-01
39	5.332153e-02	4.171883e-01
40	5.409431e-02	4.202420e-01
41	5.488054e-02	4.233181e-01
42	5.566850e-02	4.263700e-01
43	5.644547e-02	4.293495e-01
44	5.719835e-02	4.322091e-01
45	5.791506e-02	4.349072e-01
46	5.858582e-02	4.374119e-01
47	5.920428e-02	4.397046e-01
48	5.976759e-02	4.417797e-01
49	6.027539e-02	4.436399e-01
50	6.072969e-02	4.452965e-01
51	6.113484e-02	4.467683e-01
52	6.149644e-02	4.480782e-01
53	6.182068e-02	4.492506e-01
54	6.211402e-02	4.503101e-01
55	6.238287e-02	4.512804e-01
56	6.263287e-02	4.521817e-01
57	6.286861e-02	4.530294e-01
58	6.309357e-02	4.538339e-01
59	6.330963e-02	4.545990e-01
60	6.351714e-02	4.553218e-01
61	6.371507e-02	4.559934e-01
62	6.390160e-02	4.566011e-01
63	6.407511e-02	4.571326e-01
64	6.423490e-02	4.575786e-01
65	6.438210e-02	4.579369e-01
66	6.451958e-02	4.582120e-01
67	6.465253e-02	4.584171e-01
68	6.478788e-02	4.585726e-01
69	6.493424e-02	4.587053e-01
70	6.510105e-02	4.588453e-01
71	6.529805e-02	4.590241e-01
72	6.553455e-02	4.592715e-01
73	6.581903e-02	4.596134e-01
74	6.615931e-02	4.600731e-01
75	6.656277e-02	4.606709e-01
76	6.703612e-02	4.614243e-01
77	6.758624e-02	4.623502e-01
78	6.821995e-02	4.634650e-01
79	6.894368e-02	4.647820e-01
80	6.976255e-02	4.663090e-01
81	7.068113e-02	4.680496e-01
82	7.170377e-02	4.700046e-01
83	7.283405e-02	4.721708e-01
84	7.407660e-02	4.745479e-01
85	7.543755e-02	4.771408e-01
86	7.692300e-02	4.799546e-01
87	7.854002e-02	4.829983e-01
88	8.029619e-02	4.862825e-01
89	8.219838e-02	4.898157e-01
90	8.425271e-02	4.936042e-01
91	8.646465e-02	4.976520e-01
92	8.883849e-02	5.019594e-01
93	9.137853e-02	5.065266e-01
94	9.408879e-02	5.113531e-01
95	9.697303e-02	5.164375e-01
96	1.000347e-01	5.217781e-01
97	1.032759e-01	5.273705e-01
98	1.066981e-01	5.332095e-01
99	1.103012e-01	5.392880e-01
100	1.140824e-01	5.455936e-01
101	1.180373e-01	5.521123e-01
102	1.221596e-01	5.588279e-01
103	1.264413e-01	5.657208e-01
104	1.308725e-01	5.727708e-01
105	1.354422e-01	5.799553e-01
106	1.401376e-01	5.872512e-01
107	1.449438e-01	5.946323e-01
108	1.498435e-01	6.020698e-01
109	1.548178e-01	6.095343e-01
110	1.598462e-01	6.169963e-01
111	1.649094e-01	6.244304e-01
112	1.699886e-01	6.318166e-01
113	1.750649e-01	6.391349e-01
114	1.801201e-01	6.463691e-01
115	1.851367e-01	6.535037e-01
116	1.900996e-01	6.605250e-01
117	1.949964e-01	6.674244e-01
118	1.998149e-01	6.741931e-01
119	2.045415e-01	6.808189e-01
120	2.091638e-01	6.872914e-01
121	2.136684e-01	6.936000e-01
122	2.180413e-01	6.997326e-01
123	2.222698e-01	7.056813e-01
124	2.263443e-01	7.114396e-01
125	2.302517e-01	7.169978e-01
126	2.339797e-01	7.223460e-01
127	2.375229e-01	7.274808e-01
128	2.408889e-01	7.324129e-01
129	2.440929e-01	7.371614e-01
130	2.471528e-01	7.417489e-01
131	2.500833e-01	7.461924e-01
132	2.528961e-01	7.505041e-01
133	2.556034e-01	7.546958e-01
134	2.582168e-01	7.587777e-01
135	2.607475e-01	7.627603e-01
136	2.632046e-01	7.666520e-01
137	2.655983e-01	7.704643e-01
138	2.679403e-01	7.742127e-01
139	2.702407e-01	7.779119e-01
140	2.725061e-01	7.815728e-01
141	2.747403e-01	7.852031e-01
142	2.769436e-01	7.888049e-01
143	2.791162e-01	7.923799e-01
144	2.812519e-01	7.959226e-01
145	2.833456e-01	7.994277e-01
146	2.853912e-01	8.028866e-01
147	2.873826e-01	8.062938e-01
148	2.893135e-01	8.096414e-01
149	2.911815e-01	8.129292e-01
150	2.929894e-01	8.161641e-01
151	2.947377e-01	8.193506e-01
152	2.964353e-01	8.224977e-01
153	2.980906e-01	8.256143e-01
154	2.997178e-01	8.287116e-01
155	3.013355e-01	8.318023e-01
156	3.029573e-01	8.349008e-01
157	3.045868e-01	8.380086e-01
158	3.062226e-01	8.411232e-01
159	3.078608e-01	8.442402e-01
160	3.094969e-01	8.473555e-01
161	3.111245e-01	8.504631e-01
162	3.127346e-01	8.535523e-01
163	3.143171e-01	8.566127e-01
164	3.158581e-01	8.596296e-01
165	3.173394e-01	8.625796e-01
166	3.187412e-01	8.654369e-01
167	3.200474e-01	8.681826e-01
168	3.212443e-01	8.708045e-01
169	3.223210e-01	8.732930e-01
170	3.232684e-01	8.756440e-01
171	3.240789e-01	8.778510e-01
172	3.247461e-01	8.799093e-01
173	3.252647e-01	8.818100e-01
174	3.256319e-01	8.835453e-01
175	3.258459e-01	8.851091e-01
176	3.259097e-01	8.865040e-01
177	3.258243e-01	8.877297e-01
178	3.255944e-01	8.887928e-01
179	3.252357e-01	8.897090e-01
180	3.247803e-01	8.905083e-01
181	3.242598e-01	8.912183e-01
182	3.236868e-01	8.918506e-01
183	3.230513e-01	8.923949e-01
184	3.223725e-01	8.928702e-01
185	3.216857e-01	8.933126e-01
186	3.209536e-01	8.936875e-01
187	3.201950e-01	8.940154e-01
188	3.194566e-01	8.943433e-01
189	3.187341e-01	8.946657e-01
190	3.179753e-01	8.949274e-01
191	3.172056e-01	8.951537e-01
192	3.164653e-01	8.953860e-01
193	3.157498e-01	8.956185e-01
194	3.150347e-01	8.958253e-01
195	3.143034e-01	8.959896e-01
196	3.135906e-01	8.961466e-01
197	3.128960e-01	8.962922e-01
198	3.122167e-01	8.964166e-01
199	3.115150e-01	8.964726e-01
200	3.108003e-01	8.964658e-01
201	3.100799e-01	8.964018e-01
202	3.093721e-01	8.962991e-01
203	3.086767e-01	8.961586e-01
204	3.080122e-01	8.960070e-01
205	3.074181e-01	8.958978e-01
206	3.069072e-01	8.958500e-01
207	3.064862e-01	8.958726e-01
208	3.061662e-01	8.959753e-01
209	3.059491e-01	8.961596e-01
210	3.058136e-01	8.963989e-01
211	3.057466e-01	8.966733e-01
212	3.057693e-01	8.970079e-01
213	3.059346e-01	8.974720e-01
214	3.062540e-01	8.980920e-01
215	3.067135e-01	8.988678e-01
216	3.073259e-01	8.998248e-01
217	3.081006e-01	9.009790e-01
218	3.090513e-01	9.023538e-01
219	3.101944e-01	9.039729e-01
220	3.115302e-01	9.058368e-01
221	3.130422e-01	9.079242e-01
222	3.146972e-01	9.101925e-01
223	3.164682e-01	9.126077e-01
224	3.183418e-01	9.151533e-01
225	3.203103e-01	9.178188e-01
226	3.223705e-01	9.205979e-01
227	3.245091e-01	9.234730e-01
228	3.266941e-01	9.264062e-01
229	3.288968e-01	9.293649e-01
230	3.311034e-01	9.323332e-01
231	3.333195e-01	9.353153e-01
232	3.355548e-01	9.383178e-01
233	3.378133e-01	9.413409e-01
234	3.400736e-01	9.443573e-01
235	3.422775e-01	9.473047e-01
236	3.443983e-01	9.501548e-01
237	3.464425e-01	9.529145e-01
238	3.484199e-01	9.555929e-01
239	3.503271e-01	9.581852e-01
240	3.521431e-01	9.606678e-01
241	3.538486e-01	9.630212e-01
242	3.555009e-01	9.653053e-01
243	3.571269e-01	9.675488e-01
244	3.586789e-01	9.697034e-01
245	3.600876e-01	9.717000e-01
246	3.613329e-01	9.735215e-01
247	3.624453e-01	9.752011e-01
248	3.634661e-01	9.767830e-01
249	3.644669e-01	9.783420e-01
250	3.654597e-01	9.798933e-01
251	3.663680e-01	9.813619e-01
252	3.671050e-01	9.826621e-01
253	3.676714e-01	9.837950e-01
254	3.681710e-01	9.848645e-01
255	3.686810e-01	9.859470e-01
256	3.691489e-01	9.869877e-01
257	3.694996e-01	9.879073e-01
258	3.696962e-01	9.886629e-01
259	3.697385e-01	9.892502e-01
260	3.696711e-01	9.897128e-01
261	3.695417e-01	9.900985e-01
262	3.693706e-01	9.904281e-01
263	3.691537e-01	9.906974e-01
264	3.689039e-01	9.909191e-01
265	3.686584e-01	9.911304e-01
266	3.684623e-01	9.913759e-01
267	3.683053e-01	9.916438e-01
268	3.681562e-01	9.919004e-01
269	3.680088e-01	9.921393e-01
270	3.678924e-01	9.923918e-01
271	3.678399e-01	9.926937e-01
272	3.678747e-01	9.930707e-01
273	3.680181e-01	9.935465e-01
274	3.682765e-01	9.941296e-01
275	3.686366e-01	9.948087e-01
276	3.690912e-01	9.955766e-01
277	3.696552e-01	9.964475e-01
278	3.703285e-01	9.974198e-01
279	3.711078e-01	9.984890e-01
280	3.719852e-01	9.996476e-01
281	3.728985e-01	1.000835e+00
282	3.737961e-01	1.002000e+00
283	3.746909e-01	1.003159e+00
284	3.756023e-01	1.004328e+00
285	3.765151e-01	1.005490e+00
286	3.773792e-01	1.006593e+00
287	3.781396e-01	1.007584e+00
288	3.788216e-01	1.008491e+00
289	3.794850e-01	1.009379e+00
290	3.800970e-01	1.010213e+00
291	3.805792e-01	1.010913e+00
292	3.809078e-01	1.011457e+00
293	3.811363e-01	1.011901e+00
294	3.813223e-01	1.012306e+00
295	3.814681e-01	1.012675e+00
296	3.815407e-01	1.012977e+00
297	3.815526e-01	1.013226e+00
298	3.815574e-01	1.013481e+00
299	3.815979e-01	1.013787e+00
300	3.816384e-01	1.014110e+00
301	3.816332e-01	1.014402e+00
302	3.815655e-01	1.014644e+00
303	3.814575e-01	1.014857e+00
304	3.813577e-01	1.015088e+00
305	3.812993e-01	1.015371e+00
306	3.812796e-01	1.015701e+00
307	3.812931e-01	1.016069e+00
308	3.813269e-01	1.016458e+00
309	3.813757e-01	1.016863e+00
310	3.814325e-01	1.017274e+00
311	3.815091e-01	1.017703e+00
312	3.816034e-01	1.018147e+00
313	3.816933e-01	1.018583e+00
314	3.817624e-01	1.018992e+00
315	3.818173e-01	1.019381e+00
316	3.818819e-01	1.019777e+00
317	3.819556e-01	1.020180e+00
318	3.820215e-01	1.020573e+00
319	3.820679e-01	1.020942e+00
320	3.820998e-01	1.021293e+00
321	3.821415e-01	1.021648e+00
322	3.822228e-01	1.022040e+00
323	3.823339e-01	1.022464e+00
324	3.824334e-01	1.022878e+00
325	3.824946e-01	1.023257e+00
326	3.825280e-01	1.023611e+00
327	3.825622e-01	1.023967e+00
328	3.826104e-01	1.024339e+00
329	3.826603e-01	1.024715e+00
330	3.827002e-01	1.025087e+00
331	3.827353e-01	1.025462e+00
332	3.827879e-01	1.025866e+00
333	3.828723e-01	1.026313e+00
334	3.829869e-01	1.026803e+00
335	3.830995e-01	1.027299e+00
336	3.831773e-01	1.027768e+00
337	3.832037e-01	1.028191e+00
338	3.831892e-01	1.028580e+00
339	3.831533e-01	1.028955e+00
340	3.830998e-01	1.029321e+00
341	3.830463e-01	1.029696e+00
342	3.830106e-01	1.030101e+00
343	3.829764e-01	1.030518e+00
344	3.828924e-01	1.030892e+00
345	3.827200e-01	1.031182e+00
346	3.824636e-01	1.031393e+00
347	3.821418e-01	1.031541e+00
348	3.817523e-01	1.031625e+00
349	3.813141e-01	1.031665e+00
350	3.808815e-01	1.031719e+00
351	3.805022e-01	1.031837e+00
352	3.801688e-01	1.032012e+00
353	3.797943e-01	1.032148e+00
354	3.793217e-01	1.032183e+00
355	3.787532e-01	1.032118e+00
356	3.781311e-01	1.031999e+00
357	3.774824e-01	1.031854e+00
358	3.768379e-01	1.031717e+00
359	3.762247e-01	1.031615e+00
360	3.756380e-01	1.031542e+00
361	3.750334e-01	1.031447e+00
362	3.743783e-01	1.031294e+00
363	3.736733e-01	1.031079e+00
364	3.729270e-01	1.030810e+00
365	3.721456e-01	1.030492e+00
366	3.713406e-01	1.030138e+00
367	3.705311e-01	1.029768e+00
368	3.697195e-01	1.029386e+00
369	3.688898e-01	1.028976e+00
370	3.680293e-01	1.028520e+00
371	3.671433e-01	1.028024e+00
372	3.662426e-01	1.027499e+00
373	3.653367e-01	1.026957e+00
374	3.644290e-01	1.026406e+00
375	3.635203e-01	1.025847e+00
376	3.626112e-01	1.025281e+00
377	3.617023e-01	1.024709e+00
378	3.607946e-01	1.024132e+00
379	3.598943e-01	1.023559e+00
380	3.590079e-01	1.023000e+00
381	3.581420e-01	1.022462e+00
382	3.573027e-01	1.021953e+00
383	3.564958e-01	1.021482e+00
384	3.557230e-01	1.021049e+00
385	3.549854e-01	1.020658e+00
386	3.542828e-01	1.020311e+00
387	3.536164e-01	1.020008e+00
388	3.529827e-01	1.019747e+00
389	3.523805e-01	1.019527e+00
390	3.518077e-01	1.019346e+00
391	3.512650e-01	1.019204e+00
392	3.507499e-01	1.019099e+00
393	3.502615e-01	1.019028e+00
394	3.498028e-01	1.018997e+00
395	3.493740e-01	1.019005e+00
396	3.489750e-01	1.019054e+00
397	3.486075e-01	1.019146e+00
398	3.482736e-01	1.019284e+00
