t_index	avg_L2_error	avg_relative_error
0	1.606511e-04	4.600898e-02
1	4.424800e-05	2.045809e-02
2	8.339173e-05	2.961497e-02
3	1.448680e-04	3.988077e-02
4	2.244134e-04	5.038420e-02
5	3.171478e-04	6.075160e-02
6	4.191730e-04	7.085020e-02
7	5.281037e-04	8.062988e-02
8	6.446620e-04	9.013464e-02
9	7.732765e-04	9.947228e-02
10	9.225234e-04	1.087994e-01
11	1.105093e-03	1.183018e-01
12	1.336987e-03	1.281798e-01
13	1.635513e-03	1.385952e-01
14	2.016601e-03	1.496491e-01
15	2.491702e-03	1.613711e-01
16	3.063135e-03	1.736641e-01
17	3.720420e-03	1.863092e-01
18	4.439643e-03	1.989996e-01
19	5.185769e-03	2.113755e-01
20	5.919395e-03	2.231125e-01
21	6.606575e-03	2.339982e-01
22	7.226840e-03	2.439965e-01
23	7.779056e-03	2.532725e-01
24	8.282208e-03	2.621520e-01
25	8.771597e-03	2.710402e-01
26	9.293658e-03	2.803264e-01
27	9.894475e-03	2.902520e-01
28	1.060531e-02	3.008155e-01
29	1.142383e-02	3.116859e-01
30	1.231326e-02	3.223533e-01
31	1.321543e-02	3.323104e-01
32	1.406215e-02	3.411068e-01
33	1.477880e-02	3.483126e-01
34	1.529533e-02	3.535492e-01
35	1.556114e-02	3.565547e-01
36	1.555554e-02	3.572262e-01
37	1.529903e-02	3.557013e-01
38	1.485681e-02	3.524270e-01
39	1.431359e-02	3.480240e-01
40	1.372577e-02	3.429213e-01
41	1.310290e-02	3.371577e-01
42	1.246079e-02	3.308366e-01
43	1.184595e-02	3.244089e-01
44	1.130547e-02	3.184220e-01
45	1.087616e-02	3.133973e-01
46	1.058514e-02	3.097874e-01
47	1.044038e-02	3.077967e-01
48	1.042963e-02	3.073194e-01
49	1.051920e-02	3.079395e-01
50	1.067144e-02	3.091931e-01
51	1.086022e-02	3.107718e-01
52	1.105874e-02	3.123807e-01
53	1.123498e-02	3.136861e-01
54	1.136839e-02	3.144872e-01
55	1.146100e-02	3.148140e-01
56	1.151995e-02	3.147408e-01
57	1.154388e-02	3.142561e-01
58	1.153219e-02	3.133647e-01
59	1.148734e-02	3.121070e-01
60	1.141329e-02	3.105452e-01
61	1.132711e-02	3.088758e-01
62	1.126780e-02	3.075178e-01
63	1.128123e-02	3.069646e-01
64	1.139263e-02	3.074950e-01
65	1.159642e-02	3.090603e-01
66	1.186656e-02	3.113934e-01
67	1.217270e-02	3.141796e-01
68	1.248480e-02	3.171054e-01
69	1.277993e-02	3.199229e-01
70	1.303429e-02	3.223780e-01
71	1.320054e-02	3.240057e-01
72	1.324011e-02	3.244397e-01
73	1.314898e-02	3.236486e-01
74	1.294472e-02	3.218003e-01
75	1.265504e-02	3.191538e-01
76	1.231129e-02	3.160022e-01
77	1.195086e-02	3.127088e-01
78	1.161150e-02	3.096534e-01
79	1.132717e-02	3.071898e-01
80	1.112969e-02	3.056584e-01
81	1.104597e-02	3.053486e-01
82	1.108208e-02	3.063127e-01
83	1.123115e-02	3.084518e-01
84	1.148366e-02	3.116288e-01
85	1.181144e-02	3.154998e-01
86	1.216288e-02	3.194873e-01
87	1.247898e-02	3.229756e-01
88	1.271264e-02	3.255049e-01
89	1.283168e-02	3.267773e-01
90	1.282039e-02	3.266535e-01
91	1.268183e-02	3.251681e-01
92	1.243499e-02	3.225101e-01
93	1.210382e-02	3.189260e-01
94	1.171364e-02	3.146881e-01
95	1.128709e-02	3.100422e-01
96	1.085521e-02	3.053093e-01
97	1.046119e-02	3.009449e-01
98	1.015085e-02	2.974627e-01
99	9.961815e-03	2.953123e-01
100	9.919170e-03	2.948092e-01
101	1.003193e-02	2.960698e-01
102	1.027952e-02	2.988414e-01
103	1.060981e-02	3.024998e-01
104	1.097026e-02	3.064346e-01
105	1.132893e-02	3.102869e-01
106	1.166212e-02	3.138021e-01
107	1.194269e-02	3.167071e-01
108	1.214822e-02	3.187999e-01
109	1.227072e-02	3.200379e-01
110	1.231352e-02	3.204874e-01
111	1.228709e-02	3.202671e-01
112	1.220935e-02	3.195500e-01
113	1.210865e-02	3.186062e-01
114	1.202007e-02	3.177757e-01
115	1.196331e-02	3.172420e-01
116	1.192402e-02	3.168371e-01
117	1.188120e-02	3.163308e-01
118	1.183482e-02	3.157266e-01
119	1.180025e-02	3.151977e-01
120	1.178942e-02	3.148789e-01
121	1.180009e-02	3.147491e-01
122	1.181891e-02	3.146654e-01
123	1.183043e-02	3.144630e-01
124	1.182252e-02	3.140241e-01
125	1.177872e-02	3.132120e-01
126	1.170322e-02	3.121124e-01
127	1.160988e-02	3.109034e-01
128	1.150273e-02	3.096466e-01
129	1.138158e-02	3.083365e-01
130	1.124701e-02	3.069534e-01
131	1.110450e-02	3.055192e-01
132	1.096471e-02	3.041201e-01
133	1.083448e-02	3.028215e-01
134	1.071813e-02	3.016742e-01
135	1.063054e-02	3.008476e-01
136	1.059541e-02	3.006114e-01
137	1.063077e-02	3.011699e-01
138	1.074320e-02	3.025823e-01
139	1.093001e-02	3.047862e-01
140	1.117906e-02	3.076119e-01
141	1.147016e-02	3.108163e-01
142	1.177165e-02	3.140606e-01
143	1.204445e-02	3.169572e-01
144	1.225647e-02	3.192135e-01
145	1.239144e-02	3.206989e-01
146	1.244412e-02	3.213778e-01
147	1.241990e-02	3.212996e-01
148	1.233288e-02	3.205812e-01
149	1.219827e-02	3.193444e-01
150	1.202765e-02	3.176815e-01
151	1.182677e-02	3.156349e-01
152	1.161012e-02	3.133484e-01
153	1.140283e-02	3.110997e-01
154	1.122881e-02	3.091779e-01
155	1.111020e-02	3.078645e-01
156	1.106656e-02	3.074036e-01
157	1.110596e-02	3.078841e-01
158	1.121857e-02	3.091670e-01
159	1.137846e-02	3.109290e-01
160	1.155896e-02	3.128563e-01
161	1.174365e-02	3.147672e-01
162	1.191145e-02	3.164497e-01
163	1.203656e-02	3.176624e-01
164	1.210375e-02	3.182811e-01
165	1.211298e-02	3.183290e-01
166	1.207509e-02	3.179240e-01
167	1.199956e-02	3.171572e-01
168	1.188724e-02	3.160243e-01
169	1.174029e-02	3.145282e-01
170	1.157337e-02	3.127993e-01
171	1.140298e-02	3.109975e-01
172	1.124270e-02	3.092619e-01
173	1.111139e-02	3.077938e-01
174	1.103142e-02	3.068386e-01
175	1.101369e-02	3.065205e-01
176	1.105369e-02	3.067935e-01
177	1.113496e-02	3.074822e-01
178	1.124197e-02	3.084260e-01
179	1.136489e-02	3.095316e-01
180	1.149398e-02	3.107104e-01
181	1.161257e-02	3.118027e-01
182	1.170518e-02	3.126563e-01
183	1.176648e-02	3.132140e-01
184	1.179603e-02	3.134636e-01
185	1.179301e-02	3.133877e-01
186	1.175843e-02	3.129879e-01
187	1.169871e-02	3.123268e-01
188	1.162475e-02	3.115236e-01
189	1.155152e-02	3.107491e-01
190	1.149484e-02	3.101846e-01
191	1.147171e-02	3.100193e-01
192	1.150028e-02	3.104431e-01
193	1.158654e-02	3.114984e-01
194	1.172343e-02	3.130799e-01
195	1.189638e-02	3.150083e-01
196	1.208394e-02	3.170522e-01
197	1.226321e-02	3.189881e-01
198	1.241473e-02	3.206404e-01
199	1.252075e-02	3.218489e-01
