t_index	avg_L2_error	avg_relative_error
0	1.012683e-09	1.172487e-04
1	5.482078e-10	8.645643e-05
2	3.717488e-10	7.141732e-05
3	2.866374e-10	6.296375e-05
4	2.407127e-10	5.800612e-05
5	2.155160e-10	5.521534e-05
6	2.028569e-10	5.389159e-05
7	1.986611e-10	5.362653e-05
8	2.006501e-10	5.415462e-05
9	2.074800e-10	5.529492e-05
10	2.183112e-10	5.691800e-05
11	2.326025e-10	5.892872e-05
12	2.500026e-10	6.125599e-05
13	2.702853e-10	6.384591e-05
14	2.933138e-10	6.665755e-05
15	3.190181e-10	6.965983e-05
16	3.473802e-10	7.282923e-05
17	3.784226e-10	7.614797e-05
18	4.122016e-10	7.960271e-05
19	4.488017e-10	8.318349e-05
20	4.883316e-10	8.688293e-05
21	5.309219e-10	9.069572e-05
22	5.767223e-10	9.461807e-05
23	6.258993e-10	9.864731e-05
24	6.786341e-10	1.027816e-04
25	7.351221e-10	1.070196e-04
26	7.955718e-10	1.113608e-04
27	8.602027e-10	1.158045e-04
28	9.292456e-10	1.203506e-04
29	1.002940e-09	1.249988e-04
30	1.081533e-09	1.297491e-04
31	1.165281e-09	1.346013e-04
32	1.254444e-09	1.395550e-04
33	1.349289e-09	1.446102e-04
34	1.450089e-09	1.497663e-04
35	1.557122e-09	1.550232e-04
36	1.670670e-09	1.603805e-04
37	1.791019e-09	1.658378e-04
38	1.918458e-09	1.713949e-04
39	2.053281e-09	1.770514e-04
40	2.195782e-09	1.828070e-04
41	2.346260e-09	1.886617e-04
42	2.505012e-09	1.946154e-04
43	2.672340e-09	2.006679e-04
44	2.848544e-09	2.068196e-04
45	3.033924e-09	2.130706e-04
46	3.228781e-09	2.194213e-04
47	3.433415e-09	2.258719e-04
48	3.648125e-09	2.324231e-04
49	3.873205e-09	2.390753e-04
50	4.108948e-09	2.458288e-04
51	4.355637e-09	2.526836e-04
52	4.613537e-09	2.596390e-04
53	4.882901e-09	2.666940e-04
54	5.163973e-09	2.738470e-04
55	5.456974e-09	2.810959e-04
56	5.762121e-09	2.884387e-04
57	6.079620e-09	2.958729e-04
58	6.409657e-09	3.033959e-04
59	6.752424e-09	3.110053e-04
60	7.108090e-09	3.186983e-04
61	7.476822e-09	3.264724e-04
62	7.858780e-09	3.343250e-04
63	8.254107e-09	3.422536e-04
64	8.662945e-09	3.502556e-04
65	9.085417e-09	3.583286e-04
66	9.521644e-09	3.664702e-04
67	9.971726e-09	3.746778e-04
68	1.043576e-08	3.829490e-04
69	1.091382e-08	3.912816e-04
70	1.140598e-08	3.996730e-04
71	1.191228e-08	4.081209e-04
72	1.243276e-08	4.166229e-04
73	1.296743e-08	4.251765e-04
74	1.351629e-08	4.337792e-04
75	1.407932e-08	4.424284e-04
76	1.465647e-08	4.511217e-04
77	1.524769e-08	4.598563e-04
78	1.585291e-08	4.686297e-04
79	1.647203e-08	4.774392e-04
80	1.710494e-08	4.862820e-04
81	1.775151e-08	4.951554e-04
82	1.841159e-08	5.040565e-04
83	1.908503e-08	5.129827e-04
84	1.977166e-08	5.219313e-04
85	2.047130e-08	5.308996e-04
86	2.118379e-08	5.398852e-04
87	2.190894e-08	5.488858e-04
88	2.264661e-08	5.578994e-04
89	2.339663e-08	5.669242e-04
90	2.415889e-08	5.759587e-04
91	2.493331e-08	5.850019e-04
92	2.571981e-08	5.940530e-04
93	2.651841e-08	6.031120e-04
94	2.732912e-08	6.121790e-04
95	2.815206e-08	6.212547e-04
96	2.898739e-08	6.303405e-04
97	2.983535e-08	6.394382e-04
98	3.069625e-08	6.485502e-04
99	3.157048e-08	6.576791e-04
100	3.245849e-08	6.668283e-04
101	3.336082e-08	6.760013e-04
102	3.427805e-08	6.852017e-04
103	3.521088e-08	6.944341e-04
104	3.616002e-08	7.037023e-04
105	3.712624e-08	7.130105e-04
106	3.811033e-08	7.223629e-04
107	3.911315e-08	7.317636e-04
108	4.013554e-08	7.412161e-04
109	4.117840e-08	7.507241e-04
110	4.224259e-08	7.602904e-04
111	4.332901e-08	7.699181e-04
112	4.443856e-08	7.796095e-04
113	4.557216e-08	7.893669e-04
114	4.673070e-08	7.991919e-04
115	4.791511e-08	8.090864e-04
116	4.912634e-08	8.190516e-04
117	5.036536e-08	8.290890e-04
118	5.163318e-08	8.391996e-04
119	5.293087e-08	8.493849e-04
120	5.425955e-08	8.596462e-04
121	5.562042e-08	8.699850e-04
122	5.701478e-08	8.804030e-04
123	5.844403e-08	8.909023e-04
124	5.990968e-08	9.014853e-04
125	6.141339e-08	9.121547e-04
126	6.295694e-08	9.229137e-04
127	6.454224e-08	9.337657e-04
128	6.617134e-08	9.447143e-04
129	6.784642e-08	9.557638e-04
130	6.956977e-08	9.669181e-04
131	7.134381e-08	9.781816e-04
132	7.317095e-08	9.895582e-04
133	7.505374e-08	1.001052e-03
134	7.699480e-08	1.012667e-03
135	7.899666e-08	1.024407e-03
136	8.106188e-08	1.036275e-03
137	8.319304e-08	1.048273e-03
138	8.539264e-08	1.060404e-03
139	8.766320e-08	1.072670e-03
140	9.000713e-08	1.085073e-03
141	9.242687e-08	1.097615e-03
142	9.492475e-08	1.110296e-03
143	9.750312e-08	1.123117e-03
144	1.001643e-07	1.136079e-03
145	1.029105e-07	1.149184e-03
146	1.057441e-07	1.162432e-03
147	1.086671e-07	1.175824e-03
148	1.116819e-07	1.189360e-03
149	1.147906e-07	1.203042e-03
150	1.179954e-07	1.216870e-03
151	1.212984e-07	1.230846e-03
152	1.247016e-07	1.244970e-03
153	1.282072e-07	1.259242e-03
154	1.318172e-07	1.273665e-03
155	1.355334e-07	1.288238e-03
156	1.393578e-07	1.302963e-03
157	1.432922e-07	1.317840e-03
158	1.473385e-07	1.332870e-03
159	1.514983e-07	1.348055e-03
160	1.557734e-07	1.363393e-03
161	1.601653e-07	1.378887e-03
162	1.646757e-07	1.394537e-03
163	1.693061e-07	1.410343e-03
164	1.740582e-07	1.426307e-03
165	1.789335e-07	1.442429e-03
166	1.839339e-07	1.458710e-03
167	1.890613e-07	1.475153e-03
168	1.943179e-07	1.491760e-03
169	1.997058e-07	1.508534e-03
170	2.052276e-07	1.525476e-03
171	2.108862e-07	1.542590e-03
172	2.166842e-07	1.559880e-03
173	2.226251e-07	1.577350e-03
174	2.287121e-07	1.595002e-03
175	2.349488e-07	1.612843e-03
176	2.413389e-07	1.630874e-03
177	2.478860e-07	1.649100e-03
178	2.545941e-07	1.667523e-03
179	2.614668e-07	1.686148e-03
180	2.685081e-07	1.704975e-03
181	2.757215e-07	1.724009e-03
182	2.831107e-07	1.743249e-03
183	2.906793e-07	1.762696e-03
184	2.984307e-07	1.782352e-03
185	3.063680e-07	1.802217e-03
186	3.144945e-07	1.822288e-03
187	3.228128e-07	1.842567e-03
188	3.313259e-07	1.863049e-03
189	3.400362e-07	1.883735e-03
190	3.489461e-07	1.904621e-03
191	3.580578e-07	1.925705e-03
192	3.673731e-07	1.946983e-03
193	3.768940e-07	1.968453e-03
194	3.866220e-07	1.990110e-03
195	3.965585e-07	2.011951e-03
196	4.067049e-07	2.033972e-03
197	4.170622e-07	2.056169e-03
198	4.276313e-07	2.078537e-03
199	4.384130e-07	2.101073e-03
200	4.494078e-07	2.123772e-03
201	4.606161e-07	2.146630e-03
202	4.720382e-07	2.169641e-03
203	4.836741e-07	2.192802e-03
204	4.955237e-07	2.216108e-03
205	5.075870e-07	2.239555e-03
206	5.198636e-07	2.263137e-03
207	5.323532e-07	2.286851e-03
208	5.450556e-07	2.310693e-03
209	5.579706e-07	2.334660e-03
210	5.710979e-07	2.358747e-03
211	5.844375e-07	2.382951e-03
212	5.979891e-07	2.407269e-03
213	6.117527e-07	2.431698e-03
214	6.257283e-07	2.456236e-03
215	6.399156e-07	2.480879e-03
216	6.543143e-07	2.505624e-03
217	6.689242e-07	2.530469e-03
218	6.837445e-07	2.555410e-03
219	6.987746e-07	2.580444e-03
220	7.140133e-07	2.605568e-03
221	7.294593e-07	2.630777e-03
222	7.451110e-07	2.656067e-03
223	7.609664e-07	2.681434e-03
224	7.770231e-07	2.706873e-03
225	7.932783e-07	2.732379e-03
226	8.097290e-07	2.757946e-03
227	8.263714e-07	2.783569e-03
228	8.432017e-07	2.809241e-03
229	8.602154e-07	2.834955e-03
230	8.774075e-07	2.860705e-03
231	8.947727e-07	2.886484e-03
232	9.123052e-07	2.912284e-03
233	9.299986e-07	2.938097e-03
234	9.478463e-07	2.963915e-03
235	9.658410e-07	2.989730e-03
236	9.839750e-07	3.015533e-03
237	1.002240e-06	3.041316e-03
238	1.020628e-06	3.067068e-03
239	1.039130e-06	3.092782e-03
240	1.057736e-06	3.118448e-03
241	1.076437e-06	3.144056e-03
242	1.095223e-06	3.169597e-03
243	1.114084e-06	3.195062e-03
244	1.133008e-06	3.220440e-03
245	1.151986e-06	3.245724e-03
246	1.171007e-06	3.270904e-03
247	1.190060e-06	3.295970e-03
248	1.209133e-06	3.320915e-03
249	1.228217e-06	3.345729e-03
250	1.247300e-06	3.370405e-03
251	1.266373e-06	3.394935e-03
252	1.285425e-06	3.419311e-03
253	1.304446e-06	3.443528e-03
254	1.323426e-06	3.467579e-03
255	1.342358e-06	3.491458e-03
256	1.361231e-06	3.515160e-03
257	1.380039e-06	3.538681e-03
258	1.398773e-06	3.562017e-03
259	1.417428e-06	3.585164e-03
260	1.435996e-06	3.608121e-03
261	1.454474e-06	3.630884e-03
262	1.472855e-06	3.653454e-03
263	1.491137e-06	3.675830e-03
264	1.509316e-06	3.698010e-03
265	1.527390e-06	3.719997e-03
266	1.545355e-06	3.741790e-03
267	1.563212e-06	3.763392e-03
268	1.580959e-06	3.784804e-03
269	1.598595e-06	3.806027e-03
270	1.616121e-06	3.827065e-03
271	1.633536e-06	3.847920e-03
272	1.650842e-06	3.868595e-03
273	1.668038e-06	3.889091e-03
274	1.685127e-06	3.909412e-03
275	1.702108e-06	3.929562e-03
276	1.718982e-06	3.949542e-03
277	1.735752e-06	3.969355e-03
278	1.752418e-06	3.989005e-03
279	1.768982e-06	4.008494e-03
280	1.785445e-06	4.027825e-03
281	1.801808e-06	4.047001e-03
282	1.818073e-06	4.066024e-03
283	1.834242e-06	4.084899e-03
284	1.850317e-06	4.103627e-03
285	1.866300e-06	4.122212e-03
286	1.882192e-06	4.140656e-03
287	1.897996e-06	4.158964e-03
288	1.913715e-06	4.177139e-03
289	1.929351e-06	4.195183e-03
290	1.944908e-06	4.213101e-03
291	1.960387e-06	4.230897e-03
292	1.975794e-06	4.248573e-03
293	1.991130e-06	4.266134e-03
294	2.006399e-06	4.283583e-03
295	2.021605e-06	4.300925e-03
296	2.036752e-06	4.318163e-03
297	2.051842e-06	4.335301e-03
298	2.066879e-06	4.352342e-03
299	2.081865e-06	4.369289e-03
300	2.096804e-06	4.386144e-03
301	2.111697e-06	4.402912e-03
302	2.126547e-06	4.419593e-03
303	2.141354e-06	4.436189e-03
304	2.156118e-06	4.452701e-03
305	2.170839e-06	4.469130e-03
306	2.185517e-06	4.485475e-03
307	2.200147e-06	4.501736e-03
308	2.214729e-06	4.517910e-03
309	2.229256e-06	4.533995e-03
310	2.243725e-06	4.549989e-03
311	2.258129e-06	4.565886e-03
312	2.272460e-06	4.581683e-03
313	2.286710e-06	4.597375e-03
314	2.300871e-06	4.612954e-03
315	2.314931e-06	4.628415e-03
316	2.328881e-06	4.643751e-03
317	2.342708e-06	4.658954e-03
318	2.356401e-06	4.674015e-03
319	2.369946e-06	4.688928e-03
320	2.383330e-06	4.703683e-03
321	2.396541e-06	4.718272e-03
322	2.409564e-06	4.732686e-03
323	2.422386e-06	4.746916e-03
324	2.434994e-06	4.760954e-03
325	2.447374e-06	4.774792e-03
326	2.459513e-06	4.788422e-03
327	2.471400e-06	4.801836e-03
328	2.483022e-06	4.815026e-03
329	2.494368e-06	4.827986e-03
330	2.505428e-06	4.840710e-03
331	2.516191e-06	4.853192e-03
332	2.526650e-06	4.865427e-03
333	2.536796e-06	4.877409e-03
334	2.546623e-06	4.889136e-03
335	2.556123e-06	4.900604e-03
336	2.565293e-06	4.911810e-03
337	2.574127e-06	4.922751e-03
338	2.582622e-06	4.933426e-03
339	2.590777e-06	4.943834e-03
340	2.598589e-06	4.953975e-03
341	2.606057e-06	4.963848e-03
342	2.613182e-06	4.973454e-03
343	2.619964e-06	4.982792e-03
344	2.626405e-06	4.991866e-03
345	2.632506e-06	5.000676e-03
346	2.638271e-06	5.009223e-03
347	2.643701e-06	5.017510e-03
348	2.648802e-06	5.025540e-03
349	2.653575e-06	5.033315e-03
350	2.658027e-06	5.040837e-03
351	2.662161e-06	5.048110e-03
352	2.665983e-06	5.055137e-03
353	2.669498e-06	5.061921e-03
354	2.672710e-06	5.068466e-03
355	2.675627e-06	5.074774e-03
356	2.678253e-06	5.080850e-03
357	2.680594e-06	5.086698e-03
358	2.682658e-06	5.092320e-03
359	2.684449e-06	5.097722e-03
360	2.685976e-06	5.102906e-03
361	2.687243e-06	5.107878e-03
362	2.688259e-06	5.112640e-03
363	2.689029e-06	5.117198e-03
364	2.689562e-06	5.121555e-03
365	2.689863e-06	5.125717e-03
366	2.689941e-06	5.129687e-03
367	2.689803e-06	5.133470e-03
368	2.689456e-06	5.137071e-03
369	2.688909e-06	5.140494e-03
370	2.688168e-06	5.143745e-03
371	2.687242e-06	5.146829e-03
372	2.686139e-06	5.149750e-03
373	2.684868e-06	5.152514e-03
374	2.683436e-06	5.155126e-03
375	2.681851e-06	5.157591e-03
376	2.680123e-06	5.159915e-03
377	2.678260e-06	5.162104e-03
378	2.676271e-06	5.164163e-03
379	2.674163e-06	5.166097e-03
380	2.671945e-06	5.167913e-03
381	2.669627e-06	5.169615e-03
382	2.667216e-06	5.171210e-03
383	2.664721e-06	5.172703e-03
384	2.662150e-06	5.174100e-03
385	2.659512e-06	5.175405e-03
386	2.656813e-06	5.176626e-03
387	2.654063e-06	5.177766e-03
388	2.651267e-06	5.178832e-03
389	2.648435e-06	5.179827e-03
390	2.645572e-06	5.180758e-03
391	2.642685e-06	5.181628e-03
392	2.639780e-06	5.182442e-03
393	2.636863e-06	5.183205e-03
394	2.633940e-06	5.183919e-03
395	2.631015e-06	5.184590e-03
396	2.628093e-06	5.185220e-03
397	2.625178e-06	5.185812e-03
398	2.622272e-06	5.186369e-03
