1.78172e-04
1.68775e-06
8.03090e-07
4.28675e-07
2.86571e-07
1.99407e-07
1.52324e-07
1.26797e-07
1.11305e-07
9.72591e-08
9.05547e-08
7.97813e-08
7.39873e-08
6.94712e-08
6.40260e-08
5.78072e-08
5.88472e-08
5.57600e-08
5.30359e-08
5.03531e-08
4.90933e-08
4.84396e-08
4.86115e-08
5.22359e-08
6.15611e-08
5.08508e-08
5.56111e-08
5.14734e-08
4.51661e-08
4.56633e-08
4.90714e-08
4.58613e-08
5.53411e-08
4.60341e-08
4.66826e-08
4.87159e-08
4.64230e-08
4.63467e-08
6.36585e-08
5.97164e-08
8.05457e-08
5.99808e-08
1.23633e-07
5.22925e-08
6.18230e-08
6.75348e-08
5.60655e-08
4.43491e-08
4.62445e-08
4.69658e-08
5.76047e-08
1.02616e-07
9.34133e-08
4.94049e-08
4.37751e-08
7.23689e-08
5.98232e-08
5.23017e-08
4.60618e-08
4.44719e-08
7.57880e-08
4.50946e-08
4.97683e-08
6.41891e-08
7.86584e-08
7.05431e-08
1.47385e-07
3.88626e-08
4.27841e-08
6.77215e-08
3.75519e-08
4.08104e-08
5.42403e-08
4.32671e-08
4.07696e-08
1.59571e-07
7.58733e-08
3.51929e-08
3.76683e-08
6.77377e-08
4.81581e-08
9.08504e-08
7.43459e-08
4.51397e-08
3.57015e-08
3.73405e-08
4.98293e-08
3.55188e-08
3.86666e-08
8.94615e-08
6.92988e-08
3.73242e-08
3.54792e-08
4.30991e-08
7.21250e-08
7.59950e-08
4.81858e-08
3.60513e-08
4.29548e-08
4.73275e-08
4.98841e-08
5.44486e-08
4.60296e-08
5.26605e-08
4.57996e-08
4.16631e-08
3.83009e-08
8.16599e-08
5.25178e-08
4.99566e-08
8.19861e-08
4.84395e-08
3.67563e-08
3.61213e-08
6.45881e-08
3.95029e-08
4.13610e-08
3.88381e-08
3.34976e-08
3.36150e-08
4.07247e-08
3.59265e-08
9.31764e-08
6.31357e-08
3.62907e-08
3.62243e-08
6.94753e-08
4.85984e-08
4.36711e-08
4.42585e-08
6.23350e-08
4.93346e-08
3.41310e-08
3.83732e-08
7.66542e-08
3.83089e-08
3.32238e-08
3.92158e-08
3.33673e-08
5.03041e-08
3.97209e-08
8.37425e-08
5.56972e-08
3.22547e-08
3.72738e-08
3.53121e-08
3.47990e-08
5.52730e-08
4.34642e-08
4.67013e-08
7.31508e-08
4.61528e-08
3.88173e-08
4.24917e-08
3.13739e-08
3.41159e-08
3.70405e-08
3.12190e-07
1.40412e-07
2.54832e-08
2.55163e-08
2.48449e-08
2.64476e-08
2.61892e-08
2.77197e-08
3.37288e-08
3.24362e-08
3.47379e-08
4.37811e-08
4.54670e-08
3.34498e-08
3.39973e-08
8.82062e-08
7.80831e-08
3.96599e-08
7.23751e-08
3.32423e-08
2.62699e-08
2.60074e-08
2.75049e-08
3.69731e-08
2.96595e-08
3.87667e-08
7.20850e-08
5.73388e-08
3.01299e-08
4.01542e-08
4.58619e-08
4.36995e-08
3.95322e-08
3.55467e-08
2.65599e-08
3.32017e-08
2.91849e-08
3.66682e-08
3.49732e-08
3.42513e-08
2.73220e-08
3.91725e-08
5.36652e-08
3.85383e-08
4.97991e-08
2.67891e-08
3.27793e-08
3.00270e-08
3.74190e-08
7.04534e-08
3.09091e-08
3.74498e-08
4.45358e-08
9.71882e-08
2.95902e-08
2.52744e-08
2.38390e-08
2.16182e-08
2.48995e-08
4.78790e-08
3.55316e-08
3.79477e-08
2.61832e-08
2.58327e-08
2.22475e-08
3.62118e-08
6.08143e-08
3.56511e-08
3.65935e-08
2.25001e-08
2.31517e-08
3.29648e-08
6.68895e-08
2.42534e-08
2.57911e-08
4.84082e-08
3.53036e-08
2.16851e-08
2.18018e-08
2.11426e-08
3.02452e-08
5.94071e-08
2.32326e-08
2.21872e-08
3.90156e-08
4.11395e-08
4.13512e-08
2.08825e-08
2.33092e-08
2.29033e-08
2.31811e-08
1.89529e-08
2.43418e-08
2.72717e-08
8.08905e-08
3.17160e-08
2.73533e-08
7.87760e-08
2.00151e-08
2.03032e-08
2.64794e-08
2.22714e-08
2.09824e-08
2.08005e-08
2.41231e-08
2.56870e-08
5.87730e-08
1.86302e-08
2.12380e-08
7.61664e-08
3.64523e-08
1.90750e-08
1.55267e-08
3.53257e-08
1.67693e-08
1.52438e-08
2.10948e-08
3.29746e-08
2.23151e-08
3.34492e-08
4.55384e-08
5.99318e-08
9.43542e-08
1.50751e-08
1.43714e-08
1.29824e-08
1.43678e-08
1.37461e-08
2.89198e-08
1.60232e-08
3.73664e-08
3.00108e-08
1.71936e-08
1.82343e-08
1.44722e-08
1.67845e-08
2.16077e-08
1.59800e-08
3.87172e-08
1.93018e-08
1.62760e-08
6.52463e-08
7.67705e-08
2.77985e-08
1.41052e-08
1.27744e-08
1.60884e-08
1.45947e-08
2.24537e-08
3.06619e-08
1.80943e-08
2.92720e-08
1.48141e-08
1.71316e-08
1.71918e-08
1.85159e-08
2.41430e-08
2.04812e-08
2.05693e-08
3.85844e-08
3.78958e-08
2.25976e-08
1.41232e-08
2.14434e-08
1.52141e-08
1.33162e-08
1.98095e-08
1.96314e-08
3.16323e-08
2.79440e-08
7.65524e-08
2.07643e-08
1.26674e-08
1.33835e-08
1.29620e-08
1.33829e-08
1.49845e-08
2.18343e-08
1.08450e-08
1.73081e-08
2.15544e-08
3.12437e-08
1.64144e-08
1.65686e-08
3.89171e-08
1.89073e-08
1.75589e-08
1.92730e-08
2.05674e-08
1.47950e-08
2.68528e-08
1.14009e-08
1.28993e-08
1.18533e-08
1.20022e-08
2.08220e-08
4.16183e-08
1.52560e-08
1.84657e-08
1.97300e-08
3.10997e-08
1.40794e-08
2.01380e-08
1.45610e-08
1.21529e-08
1.24534e-08
1.81323e-08
1.22759e-08
3.07114e-08
2.81715e-08
5.28609e-08
1.16618e-08
1.16182e-08
1.22219e-08
1.78499e-08
1.38778e-08
1.33850e-08
2.23813e-08
2.11619e-08
1.16797e-08
1.12567e-08
1.26855e-08
1.83536e-08
1.22131e-08
2.88482e-08
1.30282e-07
5.46650e-08
9.39337e-09
9.74768e-09
9.82653e-09
1.01331e-08
2.19848e-08
1.20063e-08
1.26027e-08
2.17274e-08
1.14350e-08
1.08102e-08
1.37522e-08
1.00326e-08
1.19196e-08
1.32335e-08
1.10916e-08
1.24287e-08
1.05132e-08
4.06085e-08
1.82660e-08
1.15502e-08
1.45386e-08
1.84222e-08
2.55388e-08
5.11055e-08
3.71503e-08
9.56254e-09
9.19713e-09
1.10999e-08
1.13720e-08
9.38705e-09
1.01148e-08
1.08134e-08
1.11751e-08
2.48259e-08
1.12551e-08
1.22634e-08
1.59099e-08
2.15022e-08
1.61368e-08
2.02813e-08
1.20508e-08
2.00063e-08
1.83370e-08
9.29130e-09
1.27146e-08
1.35154e-08
1.58971e-08
2.00780e-08
2.01052e-08
1.18591e-08
1.19052e-08
1.38310e-08
1.35617e-08
1.09522e-08
1.16038e-08
1.16783e-08
1.22181e-08
2.73297e-08
2.41607e-08
1.30949e-08
1.07267e-08
1.01892e-08
1.14019e-08
1.13116e-08
1.22744e-08
1.53860e-08
1.18465e-08
1.37013e-08
9.49244e-09
1.29429e-08
1.04404e-08
1.33406e-08
2.55207e-08
5.81472e-08
8.22745e-09
8.86702e-09
8.36279e-09
8.99472e-09
8.44002e-09
9.79392e-09
1.63017e-08
9.78406e-09
9.91402e-09
1.67372e-08
1.93570e-08
1.88437e-08
1.09312e-08
1.00363e-08
1.34773e-08
9.47865e-09
9.15821e-09
9.82398e-09
1.32014e-08
4.69364e-08
1.27112e-08
8.38318e-09
9.14824e-09
8.61967e-09
9.34402e-09
1.14589e-08
9.17863e-09
9.48009e-09
1.55338e-08
1.06678e-08
1.37419e-08
1.22830e-08
1.21598e-08
1.33760e-08
2.92836e-08
1.94164e-08
9.91206e-09
8.99052e-09
7.60675e-09
8.32884e-09
9.92276e-09
1.23170e-08
9.65732e-09
4.37421e-08
3.47621e-08
8.52992e-09
8.24537e-09
7.68290e-09
7.81956e-09
8.46179e-09
9.53574e-09
9.43896e-09
8.40073e-09
8.44580e-09
8.82172e-09
1.00498e-08
9.78219e-09
9.64931e-09
8.86130e-09
8.42004e-09
8.71239e-09
1.88127e-08
1.52761e-08
1.16802e-08
1.01942e-08
8.49804e-09
9.37683e-09
8.95369e-09
1.25176e-08
1.36769e-08
9.30616e-09
2.39373e-08
8.89594e-09
8.58692e-09
7.58692e-09
8.79567e-09
9.81347e-09
8.37835e-09
8.83212e-09
1.22046e-08
9.58015e-09
1.01344e-08
9.30566e-09
1.41343e-08
1.43303e-08
7.90418e-09
9.45090e-09
8.60829e-09
7.94416e-09
8.59806e-09
9.10840e-09
9.21859e-09
9.00604e-09
1.26482e-08
8.33023e-09
9.16168e-09
1.06411e-08
9.76671e-09
9.09113e-09
1.14728e-08
2.38290e-08
8.12843e-09
8.75596e-09
8.48280e-09
8.36764e-09
7.91809e-09
7.23891e-09
9.73815e-09
2.61411e-08
2.03071e-08
7.20066e-09
6.59159e-09
6.95309e-09
8.28642e-09
7.41582e-09
8.19419e-09
8.33491e-09
1.73105e-08
1.20291e-08
7.45109e-09
7.86088e-09
1.46190e-08
7.62117e-09
7.43693e-09
6.96014e-09
7.44900e-09
7.12941e-09
8.15636e-09
1.03659e-08
8.61153e-09
1.03744e-08
7.68950e-09
7.25203e-09
7.85920e-09
8.32559e-09
8.90894e-09
7.30873e-09
7.22902e-09
8.02382e-09
8.00071e-09
8.30217e-09
8.31322e-09
8.00231e-09
9.17437e-09
9.83164e-09
8.34189e-09
7.87018e-09
1.07139e-08
7.50051e-09
1.45744e-08
7.71426e-09
7.73185e-09
7.45909e-09
7.64039e-09
7.51375e-09
1.00768e-08
7.36194e-09
7.76808e-09
6.79873e-09
7.74905e-09
1.01682e-08
8.86161e-09
7.29066e-09
7.21470e-09
7.55581e-09
7.79356e-09
9.37582e-09
8.46469e-09
6.88593e-09
8.05627e-09
7.73552e-09
6.92054e-09
6.34359e-09
7.23911e-09
8.27709e-09
8.58741e-09
7.41203e-09
9.14586e-09
1.17419e-08
6.80050e-09
6.79250e-09
6.45620e-09
6.71568e-09
6.79809e-09
6.92068e-09
6.88728e-09
7.68673e-09
7.60882e-09
8.68112e-09
8.25421e-09
6.59709e-09
6.72622e-09
6.81074e-09
7.04327e-09
6.98471e-09
7.94700e-09
9.30981e-09
6.93011e-09
6.56077e-09
7.25237e-09
7.55648e-09
6.28001e-09
6.96738e-09
6.68058e-09
7.32596e-09
7.24151e-09
6.81324e-09
8.10226e-09
6.90894e-09
7.18216e-09
7.61111e-09
6.76425e-09
6.58759e-09
6.53111e-09
6.44721e-09
6.57162e-09
6.50968e-09
6.86911e-09
7.56292e-09
6.65875e-09
6.47289e-09
7.39763e-09
6.66640e-09
7.73990e-09
9.02944e-09
6.83246e-09
6.36389e-09
6.64021e-09
6.40663e-09
6.19379e-09
6.33954e-09
6.70262e-09
7.25243e-09
6.58363e-09
6.37770e-09
6.42505e-09
6.30453e-09
6.03305e-09
6.81036e-09
7.38432e-09
6.21371e-09
7.26302e-09
6.53445e-09
6.36259e-09
6.01628e-09
5.80380e-09
6.43497e-09
6.37528e-09
6.12622e-09
6.68629e-09
7.87647e-09
6.09919e-09
6.89186e-09
6.11707e-09
6.03242e-09
6.25336e-09
6.15250e-09
6.70412e-09
6.30456e-09
6.48636e-09
6.49035e-09
6.17397e-09
6.21730e-09
6.08261e-09
6.13011e-09
6.38049e-09
6.39291e-09
6.28204e-09
5.94895e-09
6.02931e-09
5.78949e-09
5.92472e-09
6.22165e-09
5.86380e-09
6.12818e-09
6.14617e-09
5.56596e-09
5.91593e-09
6.04762e-09
5.90292e-09
5.68589e-09
6.38303e-09
5.86268e-09
5.79949e-09
5.95965e-09
6.05010e-09
6.34773e-09
5.47352e-09
6.19392e-09
5.68790e-09
5.77298e-09
5.87086e-09
5.58216e-09
5.91825e-09
5.79387e-09
5.82632e-09
5.99657e-09
5.72162e-09
6.13007e-09
5.67276e-09
5.62410e-09
5.80377e-09
5.75692e-09
5.84797e-09
5.51815e-09
5.92684e-09
5.77460e-09
5.59692e-09
5.43037e-09
5.59133e-09
5.62317e-09
5.56879e-09
5.66451e-09
5.62136e-09
5.48543e-09
5.43882e-09
5.58501e-09
5.67810e-09
5.56988e-09
5.65950e-09
5.72684e-09
5.57765e-09
5.54729e-09
5.50180e-09
5.56668e-09
5.34893e-09
5.42962e-09
5.61175e-09
5.87892e-09
5.69559e-09
5.33177e-09
5.37054e-09
5.31662e-09
5.18433e-09
5.59696e-09
5.22101e-09
5.49083e-09
5.45011e-09
5.60780e-09
5.40460e-09
5.36640e-09
5.12930e-09
5.33986e-09
5.15556e-09
5.07589e-09
5.25372e-09
5.30904e-09
5.28506e-09
5.50133e-09
5.21692e-09
5.30357e-09
5.24323e-09
5.11415e-09
5.27395e-09
5.39237e-09
5.15291e-09
5.12714e-09
5.25019e-09
5.12738e-09
5.22802e-09
5.23593e-09
5.32554e-09
5.12293e-09
5.18130e-09
5.22164e-09
5.08767e-09
5.10214e-09
5.18956e-09
5.10170e-09
5.27515e-09
5.13908e-09
5.21872e-09
5.16158e-09
5.13609e-09
5.04209e-09
5.29413e-09
5.09787e-09
4.95519e-09
4.99137e-09
5.15779e-09
5.00400e-09
5.00103e-09
5.06055e-09
5.14878e-09
5.05935e-09
5.03062e-09
5.06378e-09
4.92657e-09
4.95376e-09
5.13332e-09
4.88671e-09
4.97420e-09
5.01448e-09
5.02665e-09
4.97857e-09
5.07461e-09
5.04809e-09
4.96293e-09
5.07670e-09
4.95774e-09
5.02637e-09
4.89993e-09
4.99960e-09
4.97917e-09
4.94350e-09
4.93400e-09
4.94084e-09
5.02892e-09
4.99033e-09
4.92397e-09
4.90957e-09
4.89272e-09
4.90445e-09
4.86403e-09
4.89142e-09
4.92442e-09
4.84469e-09
4.86621e-09
4.82937e-09
4.81715e-09
4.90692e-09
4.82244e-09
4.82191e-09
4.86486e-09
4.80539e-09
4.78531e-09
4.87223e-09
4.81817e-09
4.82426e-09
4.78279e-09
4.83762e-09
4.75615e-09
4.81986e-09
4.80642e-09
4.75007e-09
4.81314e-09
4.78631e-09
4.74839e-09
4.73337e-09
4.77379e-09
4.74619e-09
4.77626e-09
4.75622e-09
4.77547e-09
4.72848e-09
4.81741e-09
4.76144e-09
4.75221e-09
4.81485e-09
4.76516e-09
4.72759e-09
4.76774e-09
4.73820e-09
4.75128e-09
4.72790e-09
4.72901e-09
4.68404e-09
4.67287e-09
4.68278e-09
4.69463e-09
4.69709e-09
4.68023e-09
4.71515e-09
4.74694e-09
4.67102e-09
4.68141e-09
4.68835e-09
4.67077e-09
4.70388e-09
4.66746e-09
4.63951e-09
4.67161e-09
4.71442e-09
4.66454e-09
4.64290e-09
4.62741e-09
4.65218e-09
4.61838e-09
4.66109e-09
4.66594e-09
4.64533e-09
4.65615e-09
4.66188e-09
4.61979e-09
4.64502e-09
4.63552e-09
4.62113e-09
4.65092e-09
4.60513e-09
4.61999e-09
4.61763e-09
4.64275e-09
4.62353e-09
4.61200e-09
4.61600e-09
4.63510e-09
4.62570e-09
4.58823e-09
4.62150e-09
4.60798e-09
4.57511e-09
4.60280e-09
4.61759e-09
4.59971e-09
4.59205e-09
4.58640e-09
4.60981e-09
4.59045e-09
4.60754e-09
4.59270e-09
4.58388e-09
4.60191e-09
4.59551e-09
4.59601e-09
4.61383e-09
4.58979e-09
4.58733e-09
4.60645e-09
4.59907e-09
4.57818e-09
4.58836e-09
4.59158e-09
4.55502e-09
4.55809e-09
4.56942e-09
4.58958e-09
4.56548e-09
4.58214e-09
4.58344e-09
4.54765e-09
4.58409e-09
4.56699e-09
4.57658e-09
4.59782e-09
4.55993e-09
4.55467e-09
4.57104e-09
4.58388e-09
4.57157e-09
4.57570e-09
4.56441e-09
4.56460e-09
