t_index	avg_L2_error	avg_relative_error
0	6.560113e-05	9.810998e-04
1	2.064239e-04	1.757219e-03
2	3.963199e-04	2.449161e-03
3	6.111804e-04	3.068681e-03
4	8.208743e-04	3.590112e-03
5	1.034312e-03	4.048909e-03
6	1.231828e-03	4.439870e-03
7	1.419508e-03	4.781350e-03
8	1.592782e-03	5.084215e-03
9	1.749455e-03	5.356133e-03
10	1.899199e-03	5.609266e-03
11	2.037593e-03	5.836385e-03
12	2.166867e-03	6.043442e-03
13	2.293475e-03	6.237888e-03
14	2.423671e-03	6.434375e-03
15	2.548822e-03	6.619585e-03
16	2.657073e-03	6.779536e-03
17	2.763477e-03	6.931195e-03
18	2.886423e-03	7.098654e-03
19	3.016394e-03	7.273808e-03
20	3.151685e-03	7.451290e-03
21	3.284697e-03	7.616436e-03
22	3.405196e-03	7.764052e-03
23	3.521611e-03	7.904613e-03
24	3.639672e-03	8.047721e-03
25	3.763759e-03	8.197061e-03
26	3.887687e-03	8.344714e-03
27	4.015819e-03	8.490703e-03
28	4.158871e-03	8.643155e-03
29	4.312967e-03	8.801006e-03
30	4.469214e-03	8.958963e-03
31	4.635227e-03	9.121642e-03
32	4.812119e-03	9.291354e-03
33	4.994587e-03	9.464890e-03
34	5.178009e-03	9.640409e-03
35	5.366800e-03	9.819846e-03
36	5.563917e-03	1.000118e-02
37	5.749268e-03	1.016881e-02
38	5.920010e-03	1.032271e-02
39	6.106874e-03	1.048863e-02
40	6.304340e-03	1.066210e-02
41	6.491555e-03	1.082387e-02
42	6.681027e-03	1.098261e-02
43	6.880015e-03	1.114973e-02
44	7.071269e-03	1.131353e-02
45	7.268914e-03	1.147751e-02
46	7.480952e-03	1.164979e-02
47	7.706609e-03	1.183070e-02
48	7.933771e-03	1.200359e-02
49	8.173982e-03	1.217769e-02
50	8.421095e-03	1.235336e-02
51	8.677672e-03	1.253180e-02
52	8.949654e-03	1.271597e-02
53	9.241617e-03	1.291550e-02
54	9.541418e-03	1.311877e-02
55	9.844042e-03	1.331441e-02
56	1.016177e-02	1.351758e-02
57	1.049351e-02	1.373107e-02
58	1.082120e-02	1.393542e-02
59	1.116258e-02	1.414226e-02
60	1.151393e-02	1.435266e-02
61	1.186792e-02	1.455892e-02
62	1.225608e-02	1.478228e-02
63	1.265742e-02	1.501192e-02
64	1.305483e-02	1.523618e-02
65	1.347873e-02	1.547465e-02
66	1.392744e-02	1.572226e-02
67	1.438403e-02	1.595872e-02
68	1.484091e-02	1.619451e-02
69	1.529891e-02	1.643298e-02
70	1.575782e-02	1.666713e-02
71	1.628976e-02	1.693181e-02
72	1.684186e-02	1.720220e-02
73	1.737511e-02	1.745921e-02
74	1.792590e-02	1.772467e-02
75	1.849472e-02	1.799499e-02
76	1.906541e-02	1.825482e-02
77	1.967545e-02	1.853033e-02
78	2.032532e-02	1.882358e-02
79	2.094966e-02	1.909648e-02
80	2.158068e-02	1.936791e-02
81	2.223412e-02	1.964629e-02
82	2.290786e-02	1.992737e-02
83	2.362441e-02	2.022257e-02
84	2.437436e-02	2.052239e-02
85	2.515343e-02	2.082930e-02
86	2.594502e-02	2.113962e-02
87	2.672323e-02	2.143664e-02
88	2.754286e-02	2.173954e-02
89	2.840740e-02	2.205617e-02
90	2.927920e-02	2.237082e-02
91	3.017310e-02	2.268997e-02
92	3.109825e-02	2.301108e-02
93	3.204381e-02	2.333222e-02
94	3.300172e-02	2.365765e-02
95	3.395259e-02	2.397542e-02
96	3.492882e-02	2.429438e-02
97	3.593953e-02	2.462678e-02
98	3.698020e-02	2.496416e-02
99	3.806002e-02	2.530690e-02
100	3.911497e-02	2.563969e-02
101	4.016256e-02	2.597387e-02
102	4.124491e-02	2.632051e-02
103	4.235517e-02	2.666679e-02
104	4.349390e-02	2.701353e-02
105	4.465867e-02	2.736566e-02
106	4.582909e-02	2.771249e-02
107	4.702301e-02	2.806243e-02
108	4.822989e-02	2.841235e-02
109	4.944738e-02	2.876580e-02
110	5.067239e-02	2.911921e-02
111	5.188627e-02	2.946431e-02
112	5.312528e-02	2.981292e-02
113	5.440572e-02	3.017307e-02
114	5.570066e-02	3.053334e-02
115	5.701846e-02	3.089624e-02
116	5.835035e-02	3.125490e-02
117	5.970514e-02	3.161532e-02
118	6.108206e-02	3.198180e-02
119	6.244889e-02	3.234398e-02
120	6.375856e-02	3.269325e-02
121	6.508126e-02	3.304355e-02
122	6.643356e-02	3.339709e-02
123	6.785486e-02	3.376294e-02
124	6.928694e-02	3.412836e-02
125	7.075660e-02	3.449402e-02
126	7.224340e-02	3.486514e-02
127	7.377070e-02	3.524623e-02
128	7.528374e-02	3.562205e-02
129	7.678816e-02	3.599391e-02
130	7.832241e-02	3.636919e-02
131	7.986940e-02	3.674893e-02
132	8.143869e-02	3.713058e-02
133	8.301420e-02	3.750707e-02
134	8.454553e-02	3.787453e-02
135	8.607223e-02	3.824220e-02
136	8.764958e-02	3.861993e-02
137	8.924913e-02	3.900246e-02
138	9.085378e-02	3.938361e-02
139	9.246182e-02	3.976258e-02
140	9.408308e-02	4.014236e-02
141	9.573951e-02	4.053034e-02
142	9.739417e-02	4.091683e-02
143	9.907190e-02	4.130436e-02
144	1.007798e-01	4.169299e-02
145	1.025072e-01	4.208399e-02
146	1.042592e-01	4.248424e-02
147	1.059893e-01	4.287830e-02
148	1.076849e-01	4.325902e-02
149	1.094380e-01	4.364549e-02
150	1.112554e-01	4.404149e-02
151	1.130468e-01	4.443683e-02
152	1.148311e-01	4.483148e-02
153	1.167108e-01	4.523890e-02
154	1.186101e-01	4.564557e-02
155	1.204316e-01	4.603855e-02
156	1.223331e-01	4.644025e-02
157	1.243569e-01	4.686005e-02
158	1.263173e-01	4.727135e-02
159	1.281886e-01	4.766987e-02
160	1.301477e-01	4.807431e-02
161	1.322232e-01	4.849200e-02
162	1.342248e-01	4.889717e-02
163	1.362340e-01	4.930630e-02
164	1.383652e-01	4.973489e-02
165	1.405047e-01	5.016046e-02
166	1.426018e-01	5.057296e-02
167	1.447436e-01	5.098997e-02
168	1.469068e-01	5.140906e-02
169	1.490822e-01	5.183079e-02
170	1.513146e-01	5.225521e-02
171	1.536276e-01	5.268929e-02
172	1.558960e-01	5.311454e-02
173	1.581329e-01	5.353482e-02
174	1.604366e-01	5.396371e-02
175	1.627491e-01	5.439181e-02
176	1.650590e-01	5.481682e-02
177	1.673919e-01	5.524516e-02
178	1.697599e-01	5.567832e-02
179	1.721651e-01	5.611503e-02
180	1.745709e-01	5.654414e-02
181	1.769864e-01	5.697101e-02
182	1.794328e-01	5.740240e-02
183	1.819336e-01	5.784494e-02
184	1.844617e-01	5.829083e-02
185	1.869560e-01	5.872576e-02
186	1.895000e-01	5.916439e-02
187	1.920854e-01	5.960877e-02
188	1.946880e-01	6.005253e-02
189	1.972685e-01	6.049096e-02
190	1.998714e-01	6.093271e-02
191	2.025524e-01	6.138538e-02
192	2.051689e-01	6.182833e-02
193	2.077752e-01	6.226438e-02
194	2.104280e-01	6.270482e-02
195	2.130865e-01	6.314643e-02
196	2.157892e-01	6.359134e-02
197	2.184887e-01	6.403192e-02
198	2.211678e-01	6.447107e-02
199	2.239094e-01	6.491309e-02
200	2.266476e-01	6.535399e-02
201	2.294135e-01	6.579832e-02
202	2.321984e-01	6.624138e-02
203	2.349682e-01	6.668156e-02
204	2.378180e-01	6.712958e-02
205	2.407526e-01	6.758424e-02
206	2.436409e-01	6.803627e-02
207	2.465793e-01	6.848984e-02
208	2.495519e-01	6.894186e-02
209	2.525559e-01	6.939363e-02
210	2.555779e-01	6.984313e-02
211	2.585607e-01	7.029183e-02
212	2.616183e-01	7.074626e-02
213	2.647536e-01	7.120362e-02
214	2.678928e-01	7.166336e-02
215	2.711183e-01	7.213031e-02
216	2.743272e-01	7.259237e-02
217	2.775674e-01	7.305659e-02
218	2.808877e-01	7.352581e-02
219	2.842413e-01	7.399248e-02
220	2.875875e-01	7.445704e-02
221	2.910155e-01	7.492818e-02
222	2.944716e-01	7.539872e-02
223	2.979598e-01	7.586717e-02
224	3.014559e-01	7.633656e-02
225	3.050371e-01	7.681337e-02
226	3.086276e-01	7.728678e-02
227	3.122746e-01	7.776440e-02
228	3.159447e-01	7.824189e-02
229	3.195877e-01	7.871447e-02
230	3.233393e-01	7.919368e-02
231	3.270943e-01	7.967280e-02
232	3.308447e-01	8.014834e-02
233	3.346153e-01	8.062337e-02
234	3.384012e-01	8.109698e-02
235	3.422754e-01	8.157765e-02
236	3.461260e-01	8.205626e-02
237	3.500126e-01	8.253545e-02
238	3.539038e-01	8.301300e-02
239	3.577534e-01	8.348848e-02
240	3.616249e-01	8.396526e-02
241	3.655624e-01	8.444532e-02
242	3.694840e-01	8.492446e-02
243	3.734056e-01	8.540025e-02
244	3.773116e-01	8.587138e-02
245	3.812098e-01	8.634409e-02
246	3.851656e-01	8.682247e-02
247	3.891506e-01	8.730134e-02
248	3.931037e-01	8.777830e-02
249	3.970269e-01	8.825213e-02
250	4.009224e-01	8.872392e-02
251	4.048416e-01	8.919947e-02
252	4.087509e-01	8.967124e-02
253	4.126772e-01	9.014184e-02
254	4.166426e-01	9.061819e-02
255	4.205831e-01	9.109242e-02
256	4.245156e-01	9.156594e-02
257	4.284364e-01	9.204132e-02
258	4.323763e-01	9.251451e-02
259	4.363293e-01	9.298992e-02
260	4.402728e-01	9.346837e-02
261	4.442069e-01	9.394305e-02
262	4.481365e-01	9.441703e-02
263	4.520194e-01	9.489052e-02
264	4.559262e-01	9.536180e-02
265	4.598602e-01	9.583543e-02
266	4.637977e-01	9.631153e-02
267	4.676999e-01	9.678313e-02
268	4.716468e-01	9.726058e-02
269	4.755995e-01	9.773895e-02
270	4.795349e-01	9.821278e-02
271	4.835048e-01	9.869332e-02
272	4.875181e-01	9.917645e-02
273	4.915248e-01	9.965636e-02
274	4.955481e-01	1.001412e-01
275	4.995346e-01	1.006222e-01
276	5.034886e-01	1.010998e-01
277	5.074878e-01	1.015829e-01
278	5.115251e-01	1.020645e-01
279	5.155944e-01	1.025503e-01
280	5.196877e-01	1.030411e-01
281	5.237718e-01	1.035253e-01
282	5.278603e-01	1.040123e-01
283	5.319697e-01	1.045030e-01
284	5.360668e-01	1.049896e-01
285	5.401887e-01	1.054799e-01
286	5.442978e-01	1.059693e-01
287	5.483850e-01	1.064505e-01
288	5.525153e-01	1.069387e-01
289	5.566428e-01	1.074268e-01
290	5.607152e-01	1.079068e-01
291	5.647872e-01	1.083885e-01
292	5.688351e-01	1.088679e-01
293	5.728707e-01	1.093451e-01
294	5.769197e-01	1.098268e-01
295	5.809134e-01	1.102971e-01
296	5.849115e-01	1.107671e-01
297	5.889338e-01	1.112444e-01
298	5.928993e-01	1.117122e-01
299	5.968542e-01	1.121813e-01
300	6.007927e-01	1.126506e-01
301	6.047054e-01	1.131101e-01
302	6.086204e-01	1.135746e-01
303	6.124692e-01	1.140344e-01
304	6.162331e-01	1.144803e-01
305	6.200114e-01	1.149338e-01
306	6.237928e-01	1.153851e-01
307	6.275227e-01	1.158307e-01
308	6.312049e-01	1.162776e-01
309	6.347941e-01	1.167090e-01
310	6.383729e-01	1.171411e-01
311	6.419734e-01	1.175812e-01
312	6.454551e-01	1.180039e-01
313	6.489241e-01	1.184276e-01
314	6.524386e-01	1.188557e-01
315	6.559092e-01	1.192741e-01
316	6.593836e-01	1.197012e-01
317	6.628278e-01	1.201240e-01
318	6.662138e-01	1.205367e-01
319	6.696302e-01	1.209598e-01
320	6.730001e-01	1.213726e-01
321	6.763664e-01	1.217810e-01
322	6.798073e-01	1.222037e-01
323	6.831769e-01	1.226134e-01
324	6.864755e-01	1.230133e-01
325	6.898151e-01	1.234226e-01
326	6.931620e-01	1.238254e-01
327	6.965325e-01	1.242325e-01
328	6.999229e-01	1.246454e-01
329	7.032424e-01	1.250416e-01
330	7.066049e-01	1.254442e-01
331	7.100280e-01	1.258574e-01
332	7.134155e-01	1.262572e-01
333	7.168512e-01	1.266654e-01
334	7.203269e-01	1.270789e-01
335	7.237594e-01	1.274763e-01
336	7.272586e-01	1.278845e-01
337	7.308486e-01	1.283049e-01
338	7.344079e-01	1.287103e-01
339	7.380317e-01	1.291248e-01
340	7.416890e-01	1.295451e-01
341	7.452693e-01	1.299471e-01
342	7.489611e-01	1.303647e-01
343	7.527554e-01	1.307950e-01
344	7.564561e-01	1.312051e-01
345	7.601705e-01	1.316232e-01
346	7.638997e-01	1.320464e-01
347	7.676054e-01	1.324563e-01
348	7.713979e-01	1.328793e-01
349	7.752369e-01	1.333113e-01
350	7.789756e-01	1.337237e-01
351	7.827747e-01	1.341485e-01
352	7.866055e-01	1.345794e-01
353	7.903736e-01	1.349953e-01
354	7.942412e-01	1.354307e-01
355	7.980924e-01	1.358644e-01
356	8.018832e-01	1.362862e-01
357	8.057875e-01	1.367276e-01
358	8.096187e-01	1.371577e-01
359	8.134235e-01	1.375834e-01
360	8.173242e-01	1.380289e-01
361	8.211266e-01	1.384590e-01
362	8.249217e-01	1.388896e-01
363	8.288129e-01	1.393376e-01
364	8.326125e-01	1.397684e-01
365	8.365293e-01	1.402189e-01
366	8.404241e-01	1.406719e-01
367	8.442391e-01	1.411040e-01
368	8.481090e-01	1.415534e-01
369	8.520126e-01	1.420066e-01
370	8.558968e-01	1.424493e-01
371	8.598318e-01	1.429074e-01
372	8.637453e-01	1.433650e-01
373	8.676120e-01	1.438109e-01
374	8.715749e-01	1.442767e-01
375	8.755010e-01	1.447337e-01
376	8.794524e-01	1.451951e-01
377	8.835570e-01	1.456754e-01
378	8.875708e-01	1.461369e-01
379	8.916857e-01	1.466157e-01
380	8.958900e-01	1.471028e-01
381	9.000724e-01	1.475751e-01
382	9.044420e-01	1.480704e-01
383	9.088903e-01	1.485747e-01
384	9.132874e-01	1.490651e-01
385	9.177595e-01	1.495769e-01
386	9.221528e-01	1.500794e-01
387	9.265356e-01	1.505774e-01
388	9.309963e-01	1.510942e-01
389	9.354615e-01	1.516024e-01
390	9.399427e-01	1.521112e-01
391	9.445326e-01	1.526355e-01
392	9.491152e-01	1.531518e-01
393	9.537467e-01	1.536764e-01
394	9.584816e-01	1.542097e-01
395	9.632678e-01	1.547464e-01
396	9.681636e-01	1.552943e-01
397	9.730611e-01	1.558406e-01
398	9.780170e-01	1.563976e-01
