t_index	avg_L2_error	avg_relative_error
0	3.776608e-08	7.946198e-04
1	9.649526e-08	1.293703e-03
2	1.676694e-07	1.717668e-03
3	2.496200e-07	2.101347e-03
4	3.415065e-07	2.458375e-03
5	4.428258e-07	2.796153e-03
6	5.531873e-07	3.119152e-03
7	6.722662e-07	3.430304e-03
8	7.996795e-07	3.731416e-03
9	9.349498e-07	4.023521e-03
10	1.077403e-06	4.306904e-03
11	1.226170e-06	4.581260e-03
12	1.380529e-06	4.846651e-03
13	1.539893e-06	5.103340e-03
14	1.703929e-06	5.351977e-03
15	1.872522e-06	5.593425e-03
16	2.045869e-06	5.828893e-03
17	2.224360e-06	6.059686e-03
18	2.408552e-06	6.287157e-03
19	2.599091e-06	6.512590e-03
20	2.796594e-06	6.737044e-03
21	3.001562e-06	6.961266e-03
22	3.214364e-06	7.185692e-03
23	3.435234e-06	7.410492e-03
24	3.664357e-06	7.635715e-03
25	3.901939e-06	7.861411e-03
26	4.148235e-06	8.087688e-03
27	4.403520e-06	8.314691e-03
28	4.667992e-06	8.542484e-03
29	4.941765e-06	8.771048e-03
30	5.224864e-06	9.000282e-03
31	5.517258e-06	9.230036e-03
32	5.818897e-06	9.460143e-03
33	6.129755e-06	9.690481e-03
34	6.449876e-06	9.921010e-03
35	6.779396e-06	1.015179e-02
36	7.118519e-06	1.038294e-02
37	7.467453e-06	1.061460e-02
38	7.826350e-06	1.084682e-02
39	8.195428e-06	1.107975e-02
40	8.574984e-06	1.131362e-02
41	8.965366e-06	1.154871e-02
42	9.366921e-06	1.178531e-02
43	9.779989e-06	1.202372e-02
44	1.020489e-05	1.226419e-02
45	1.064195e-05	1.250697e-02
46	1.109149e-05	1.275230e-02
47	1.155377e-05	1.300035e-02
48	1.202902e-05	1.325123e-02
49	1.251740e-05	1.350499e-02
50	1.301893e-05	1.376152e-02
51	1.353354e-05	1.402063e-02
52	1.406099e-05	1.428200e-02
53	1.460097e-05	1.454520e-02
54	1.515308e-05	1.480978e-02
55	1.571689e-05	1.507525e-02
56	1.629208e-05	1.534120e-02
57	1.687839e-05	1.560727e-02
58	1.747575e-05	1.587323e-02
59	1.808428e-05	1.613898e-02
60	1.870435e-05	1.640459e-02
61	1.933633e-05	1.667010e-02
62	1.998065e-05	1.693560e-02
63	2.063769e-05	1.720118e-02
64	2.130786e-05	1.746690e-02
65	2.199154e-05	1.773286e-02
66	2.268911e-05	1.799911e-02
67	2.340088e-05	1.826570e-02
68	2.412721e-05	1.853269e-02
69	2.486845e-05	1.880013e-02
70	2.562493e-05	1.906806e-02
71	2.639697e-05	1.933650e-02
72	2.718480e-05	1.960541e-02
73	2.798859e-05	1.987475e-02
74	2.880851e-05	2.014443e-02
75	2.964467e-05	2.041437e-02
76	3.049725e-05	2.068451e-02
77	3.136639e-05	2.095478e-02
78	3.225221e-05	2.122511e-02
79	3.315471e-05	2.149538e-02
80	3.407392e-05	2.176551e-02
81	3.500993e-05	2.203545e-02
82	3.596289e-05	2.230516e-02
83	3.693288e-05	2.257463e-02
84	3.792002e-05	2.284382e-02
85	3.892439e-05	2.311271e-02
86	3.994600e-05	2.338129e-02
87	4.098485e-05	2.364952e-02
88	4.204088e-05	2.391737e-02
89	4.311402e-05	2.418482e-02
90	4.420420e-05	2.445188e-02
91	4.531120e-05	2.471850e-02
92	4.643493e-05	2.498471e-02
93	4.757517e-05	2.525052e-02
94	4.873185e-05	2.551597e-02
95	4.990470e-05	2.578107e-02
96	5.109374e-05	2.604591e-02
97	5.229883e-05	2.631055e-02
98	5.352009e-05	2.657513e-02
99	5.475748e-05	2.683973e-02
100	5.601111e-05	2.710447e-02
101	5.728114e-05	2.736952e-02
102	5.856771e-05	2.763499e-02
103	5.987107e-05	2.790105e-02
104	6.119149e-05	2.816784e-02
105	6.252911e-05	2.843549e-02
106	6.388422e-05	2.870414e-02
107	6.525713e-05	2.897394e-02
108	6.664794e-05	2.924495e-02
109	6.805695e-05	2.951730e-02
110	6.948448e-05	2.979107e-02
111	7.093062e-05	3.006633e-02
112	7.239567e-05	3.034314e-02
113	7.388002e-05	3.062157e-02
114	7.538380e-05	3.090165e-02
115	7.690715e-05	3.118339e-02
116	7.845041e-05	3.146683e-02
117	8.001407e-05	3.175203e-02
118	8.159835e-05	3.203899e-02
119	8.320341e-05	3.232772e-02
120	8.482945e-05	3.261821e-02
121	8.647673e-05	3.291047e-02
122	8.814543e-05	3.320451e-02
123	8.983572e-05	3.350031e-02
124	9.154773e-05	3.379787e-02
125	9.328151e-05	3.409717e-02
126	9.503710e-05	3.439817e-02
127	9.681446e-05	3.470087e-02
128	9.861345e-05	3.500519e-02
129	1.004339e-04	3.531110e-02
130	1.022755e-04	3.561854e-02
131	1.041380e-04	3.592743e-02
132	1.060209e-04	3.623768e-02
133	1.079237e-04	3.654921e-02
134	1.098459e-04	3.686190e-02
135	1.117868e-04	3.717566e-02
136	1.137457e-04	3.749035e-02
137	1.157218e-04	3.780585e-02
138	1.177144e-04	3.812202e-02
139	1.197225e-04	3.843874e-02
140	1.217454e-04	3.875585e-02
141	1.237822e-04	3.907324e-02
142	1.258322e-04	3.939076e-02
143	1.278944e-04	3.970828e-02
144	1.299681e-04	4.002567e-02
145	1.320526e-04	4.034280e-02
146	1.341470e-04	4.065954e-02
147	1.362505e-04	4.097577e-02
148	1.383625e-04	4.129136e-02
149	1.404823e-04	4.160622e-02
150	1.426093e-04	4.192026e-02
151	1.447430e-04	4.223340e-02
152	1.468830e-04	4.254557e-02
153	1.490290e-04	4.285673e-02
154	1.511805e-04	4.316682e-02
155	1.533375e-04	4.347582e-02
156	1.554997e-04	4.378372e-02
157	1.576672e-04	4.409053e-02
158	1.598400e-04	4.439626e-02
159	1.620184e-04	4.470094e-02
160	1.642027e-04	4.500461e-02
161	1.663929e-04	4.530730e-02
162	1.685897e-04	4.560909e-02
163	1.707934e-04	4.591004e-02
164	1.730048e-04	4.621023e-02
165	1.752243e-04	4.650974e-02
166	1.774528e-04	4.680866e-02
167	1.796910e-04	4.710709e-02
168	1.819400e-04	4.740515e-02
169	1.842005e-04	4.770294e-02
170	1.864737e-04	4.800058e-02
171	1.887604e-04	4.829818e-02
172	1.910620e-04	4.859588e-02
173	1.933796e-04	4.889380e-02
174	1.957145e-04	4.919208e-02
175	1.980678e-04	4.949086e-02
176	2.004409e-04	4.979025e-02
177	2.028348e-04	5.009038e-02
178	2.052508e-04	5.039137e-02
179	2.076900e-04	5.069336e-02
180	2.101537e-04	5.099647e-02
181	2.126430e-04	5.130080e-02
182	2.151587e-04	5.160645e-02
183	2.177017e-04	5.191350e-02
184	2.202727e-04	5.222200e-02
185	2.228722e-04	5.253201e-02
186	2.255007e-04	5.284355e-02
187	2.281589e-04	5.315667e-02
188	2.308470e-04	5.347140e-02
189	2.335657e-04	5.378777e-02
190	2.363153e-04	5.410581e-02
191	2.390962e-04	5.442554e-02
192	2.419091e-04	5.474699e-02
193	2.447543e-04	5.507018e-02
194	2.476326e-04	5.539514e-02
195	2.505447e-04	5.572193e-02
196	2.534913e-04	5.605058e-02
197	2.564736e-04	5.638117e-02
198	2.594924e-04	5.671374e-02
199	2.625491e-04	5.704838e-02
200	2.656449e-04	5.738514e-02
201	2.687813e-04	5.772412e-02
202	2.719597e-04	5.806540e-02
203	2.751818e-04	5.840906e-02
204	2.784493e-04	5.875521e-02
205	2.817637e-04	5.910392e-02
206	2.851268e-04	5.945529e-02
207	2.885403e-04	5.980939e-02
208	2.920058e-04	6.016631e-02
209	2.955249e-04	6.052612e-02
210	2.990993e-04	6.088886e-02
211	3.027301e-04	6.125458e-02
212	3.064188e-04	6.162331e-02
213	3.101667e-04	6.199511e-02
214	3.139751e-04	6.236999e-02
215	3.178449e-04	6.274796e-02
216	3.217774e-04	6.312903e-02
217	3.257739e-04	6.351321e-02
218	3.298354e-04	6.390053e-02
219	3.339633e-04	6.429097e-02
220	3.381588e-04	6.468456e-02
221	3.424232e-04	6.508132e-02
222	3.467580e-04	6.548127e-02
223	3.511645e-04	6.588441e-02
224	3.556444e-04	6.629077e-02
225	3.601989e-04	6.670035e-02
226	3.648294e-04	6.711316e-02
227	3.695371e-04	6.752917e-02
228	3.743230e-04	6.794836e-02
229	3.791881e-04	6.837070e-02
230	3.841331e-04	6.879614e-02
231	3.891588e-04	6.922463e-02
232	3.942657e-04	6.965611e-02
233	3.994542e-04	7.009050e-02
234	4.047246e-04	7.052773e-02
235	4.100770e-04	7.096769e-02
236	4.155115e-04	7.141029e-02
237	4.210277e-04	7.185541e-02
238	4.266254e-04	7.230293e-02
239	4.323038e-04	7.275271e-02
240	4.380621e-04	7.320461e-02
241	4.438994e-04	7.365845e-02
242	4.498150e-04	7.411413e-02
243	4.558080e-04	7.457150e-02
244	4.618775e-04	7.503044e-02
245	4.680220e-04	7.549080e-02
246	4.742398e-04	7.595237e-02
247	4.805285e-04	7.641498e-02
248	4.868855e-04	7.687840e-02
249	4.933078e-04	7.734240e-02
250	4.997922e-04	7.780673e-02
251	5.063347e-04	7.827113e-02
252	5.129312e-04	7.873531e-02
253	5.195774e-04	7.919901e-02
254	5.262687e-04	7.966193e-02
255	5.330003e-04	8.012379e-02
256	5.397670e-04	8.058428e-02
257	5.465629e-04	8.104309e-02
258	5.533818e-04	8.149987e-02
259	5.602169e-04	8.195426e-02
260	5.670606e-04	8.240588e-02
261	5.739049e-04	8.285434e-02
262	5.807414e-04	8.329924e-02
263	5.875612e-04	8.374015e-02
264	5.943550e-04	8.417665e-02
265	6.011125e-04	8.460829e-02
266	6.078231e-04	8.503459e-02
267	6.144756e-04	8.545509e-02
268	6.210585e-04	8.586931e-02
269	6.275597e-04	8.627674e-02
270	6.339662e-04	8.667688e-02
271	6.402649e-04	8.706920e-02
272	6.464423e-04	8.745318e-02
273	6.524846e-04	8.782829e-02
274	6.583779e-04	8.819402e-02
275	6.641079e-04	8.854983e-02
276	6.696603e-04	8.889522e-02
277	6.750211e-04	8.922968e-02
278	6.801760e-04	8.955271e-02
279	6.851108e-04	8.986382e-02
280	6.898119e-04	9.016254e-02
281	6.942660e-04	9.044842e-02
282	6.984604e-04	9.072103e-02
283	7.023828e-04	9.097995e-02
284	7.060219e-04	9.122482e-02
285	7.093669e-04	9.145529e-02
286	7.124079e-04	9.167104e-02
287	7.151362e-04	9.187178e-02
288	7.175444e-04	9.205728e-02
289	7.196261e-04	9.222734e-02
290	7.213768e-04	9.238182e-02
291	7.227933e-04	9.252063e-02
292	7.238738e-04	9.264373e-02
293	7.246183e-04	9.275115e-02
294	7.250282e-04	9.284295e-02
295	7.251063e-04	9.291923e-02
296	7.248569e-04	9.298017e-02
297	7.242862e-04	9.302600e-02
298	7.234018e-04	9.305701e-02
299	7.222131e-04	9.307355e-02
300	7.207311e-04	9.307602e-02
301	7.189686e-04	9.306492e-02
302	7.169394e-04	9.304077e-02
303	7.146590e-04	9.300418e-02
304	7.121442e-04	9.295578e-02
305	7.094130e-04	9.289629e-02
306	7.064844e-04	9.282646e-02
307	7.033779e-04	9.274710e-02
308	7.001141e-04	9.265904e-02
309	6.967141e-04	9.256316e-02
310	6.931992e-04	9.246039e-02
311	6.895906e-04	9.235163e-02
312	6.859096e-04	9.223783e-02
313	6.821774e-04	9.211994e-02
314	6.784142e-04	9.199888e-02
315	6.746399e-04	9.187558e-02
316	6.708736e-04	9.175095e-02
317	6.671331e-04	9.162588e-02
318	6.634353e-04	9.150120e-02
319	6.597952e-04	9.137769e-02
320	6.562272e-04	9.125609e-02
321	6.527434e-04	9.113707e-02
322	6.493550e-04	9.102125e-02
323	6.460712e-04	9.090917e-02
324	6.429000e-04	9.080132e-02
325	6.398478e-04	9.069813e-02
326	6.369194e-04	9.059993e-02
327	6.341185e-04	9.050701e-02
328	6.314469e-04	9.041958e-02
329	6.289059e-04	9.033780e-02
330	6.264951e-04	9.026176e-02
331	6.242135e-04	9.019150e-02
332	6.220589e-04	9.012702e-02
333	6.200286e-04	9.006825e-02
334	6.181188e-04	9.001509e-02
335	6.163253e-04	8.996740e-02
336	6.146433e-04	8.992501e-02
337	6.130678e-04	8.988771e-02
338	6.115932e-04	8.985530e-02
339	6.102138e-04	8.982753e-02
340	6.089235e-04	8.980413e-02
341	6.077162e-04	8.978483e-02
342	6.065856e-04	8.976933e-02
343	6.055254e-04	8.975735e-02
344	6.045291e-04	8.974859e-02
345	6.035905e-04	8.974274e-02
346	6.027033e-04	8.973949e-02
347	6.018612e-04	8.973855e-02
348	6.010582e-04	8.973960e-02
349	6.002883e-04	8.974236e-02
350	5.995457e-04	8.974653e-02
351	5.988248e-04	8.975183e-02
352	5.981204e-04	8.975800e-02
353	5.974276e-04	8.976478e-02
354	5.967421e-04	8.977196e-02
355	5.960599e-04	8.977932e-02
356	5.953782e-04	8.978672e-02
357	5.946945e-04	8.979404e-02
358	5.940072e-04	8.980118e-02
359	5.933156e-04	8.980813e-02
360	5.926198e-04	8.981489e-02
361	5.919205e-04	8.982151e-02
362	5.912191e-04	8.982806e-02
363	5.905175e-04	8.983464e-02
364	5.898182e-04	8.984142e-02
365	5.891238e-04	8.984852e-02
366	5.884369e-04	8.985610e-02
367	5.877605e-04	8.986433e-02
368	5.870976e-04	8.987337e-02
369	5.864512e-04	8.988340e-02
370	5.858239e-04	8.989456e-02
371	5.852183e-04	8.990701e-02
372	5.846368e-04	8.992088e-02
373	5.840816e-04	8.993629e-02
374	5.835547e-04	8.995336e-02
375	5.830581e-04	8.997221e-02
376	5.825933e-04	8.999292e-02
377	5.821618e-04	9.001556e-02
378	5.817648e-04	9.004022e-02
379	5.814033e-04	9.006695e-02
380	5.810785e-04	9.009579e-02
381	5.807910e-04	9.012680e-02
382	5.805415e-04	9.016001e-02
383	5.803306e-04	9.019543e-02
384	5.801585e-04	9.023308e-02
385	5.800257e-04	9.027298e-02
386	5.799325e-04	9.031513e-02
387	5.798791e-04	9.035953e-02
388	5.798656e-04	9.040618e-02
389	5.798921e-04	9.045508e-02
390	5.799587e-04	9.050622e-02
391	5.800656e-04	9.055959e-02
392	5.802129e-04	9.061519e-02
393	5.804008e-04	9.067302e-02
394	5.806294e-04	9.073307e-02
395	5.808991e-04	9.079534e-02
396	5.812099e-04	9.085984e-02
397	5.815620e-04	9.092655e-02
398	5.819555e-04	9.099547e-02
