t_index	avg_L2_error	avg_relative_error
0	3.411690e-07	2.226456e-03
1	1.298254e-06	4.313508e-03
2	2.839453e-06	6.361869e-03
3	4.945740e-06	8.385485e-03
4	7.599874e-06	1.038915e-02
5	1.078558e-05	1.237494e-02
6	1.448749e-05	1.434397e-02
7	1.869113e-05	1.629699e-02
8	2.338288e-05	1.823454e-02
9	2.854988e-05	2.015696e-02
10	3.418005e-05	2.206457e-02
11	4.026209e-05	2.395759e-02
12	4.678552e-05	2.583631e-02
13	5.374057e-05	2.770094e-02
14	6.111809e-05	2.955172e-02
15	6.890959e-05	3.138889e-02
16	7.710711e-05	3.321265e-02
17	8.570311e-05	3.502319e-02
18	9.469034e-05	3.682067e-02
19	1.040618e-04	3.860521e-02
20	1.138107e-04	4.037691e-02
21	1.239304e-04	4.213587e-02
22	1.344145e-04	4.388216e-02
23	1.452569e-04	4.561584e-02
24	1.564516e-04	4.733700e-02
25	1.679930e-04	4.904572e-02
26	1.798754e-04	5.074210e-02
27	1.920939e-04	5.242627e-02
28	2.046435e-04	5.409841e-02
29	2.175197e-04	5.575872e-02
30	2.307181e-04	5.740741e-02
31	2.442347e-04	5.904475e-02
32	2.580656e-04	6.067105e-02
33	2.722071e-04	6.228662e-02
34	2.866558e-04	6.389181e-02
35	3.014083e-04	6.548697e-02
36	3.164613e-04	6.707246e-02
37	3.318117e-04	6.864867e-02
38	3.474562e-04	7.021593e-02
39	3.633920e-04	7.177462e-02
40	3.796160e-04	7.332510e-02
41	3.961258e-04	7.486773e-02
42	4.129189e-04	7.640290e-02
43	4.299933e-04	7.793099e-02
44	4.473475e-04	7.945241e-02
45	4.649805e-04	8.096759e-02
46	4.828918e-04	8.247696e-02
47	5.010818e-04	8.398095e-02
48	5.195510e-04	8.548000e-02
49	5.383009e-04	8.697451e-02
50	5.573333e-04	8.846483e-02
51	5.766504e-04	8.995129e-02
52	5.962545e-04	9.143412e-02
53	6.161483e-04	9.291354e-02
54	6.363347e-04	9.438965e-02
55	6.568170e-04	9.586255e-02
56	6.775984e-04	9.733228e-02
57	6.986827e-04	9.879887e-02
58	7.200738e-04	1.002623e-01
59	7.417763e-04	1.017226e-01
60	7.637953e-04	1.031798e-01
61	7.861364e-04	1.046339e-01
62	8.088055e-04	1.060850e-01
63	8.318090e-04	1.075331e-01
64	8.551539e-04	1.089784e-01
65	8.788476e-04	1.104208e-01
66	9.028977e-04	1.118607e-01
67	9.273127e-04	1.132980e-01
68	9.521010e-04	1.147329e-01
69	9.772717e-04	1.161657e-01
70	1.002834e-03	1.175965e-01
71	1.028799e-03	1.190256e-01
72	1.055176e-03	1.204532e-01
73	1.081977e-03	1.218796e-01
74	1.109214e-03	1.233052e-01
75	1.136898e-03	1.247304e-01
76	1.165042e-03	1.261555e-01
77	1.193660e-03	1.275810e-01
78	1.222765e-03	1.290074e-01
79	1.252372e-03	1.304351e-01
80	1.282496e-03	1.318648e-01
81	1.313153e-03	1.332971e-01
82	1.344358e-03	1.347325e-01
83	1.376129e-03	1.361717e-01
84	1.408481e-03	1.376153e-01
85	1.441431e-03	1.390640e-01
86	1.474996e-03	1.405184e-01
87	1.509194e-03	1.419793e-01
88	1.544042e-03	1.434472e-01
89	1.579556e-03	1.449228e-01
90	1.615753e-03	1.464067e-01
91	1.652649e-03	1.478995e-01
92	1.690262e-03	1.494019e-01
93	1.728608e-03	1.509143e-01
94	1.767701e-03	1.524372e-01
95	1.807558e-03	1.539713e-01
96	1.848194e-03	1.555168e-01
97	1.889627e-03	1.570744e-01
98	1.931875e-03	1.586445e-01
99	1.974953e-03	1.602275e-01
100	2.018878e-03	1.618238e-01
101	2.063662e-03	1.634335e-01
102	2.109317e-03	1.650569e-01
103	2.155852e-03	1.666940e-01
104	2.203277e-03	1.683447e-01
105	2.251600e-03	1.700092e-01
106	2.300826e-03	1.716872e-01
107	2.350962e-03	1.733786e-01
108	2.402011e-03	1.750833e-01
109	2.453976e-03	1.768009e-01
110	2.506859e-03	1.785311e-01
111	2.560660e-03	1.802736e-01
112	2.615376e-03	1.820280e-01
113	2.671005e-03	1.837939e-01
114	2.727542e-03	1.855707e-01
115	2.784981e-03	1.873578e-01
116	2.843314e-03	1.891549e-01
117	2.902532e-03	1.909612e-01
118	2.962625e-03	1.927762e-01
119	3.023580e-03	1.945992e-01
120	3.085384e-03	1.964296e-01
121	3.148021e-03	1.982666e-01
122	3.211473e-03	2.001095e-01
123	3.275723e-03	2.019577e-01
124	3.340749e-03	2.038104e-01
125	3.406530e-03	2.056668e-01
126	3.473041e-03	2.075260e-01
127	3.540258e-03	2.093875e-01
128	3.608154e-03	2.112503e-01
129	3.676700e-03	2.131136e-01
130	3.745865e-03	2.149766e-01
131	3.815619e-03	2.168386e-01
132	3.885926e-03	2.186986e-01
133	3.956751e-03	2.205558e-01
134	4.028060e-03	2.224095e-01
135	4.099813e-03	2.242588e-01
136	4.171975e-03	2.261029e-01
137	4.244506e-03	2.279411e-01
138	4.317367e-03	2.297726e-01
139	4.390520e-03	2.315967e-01
140	4.463924e-03	2.334127e-01
141	4.537541e-03	2.352200e-01
142	4.611332e-03	2.370179e-01
143	4.685257e-03	2.388059e-01
144	4.759279e-03	2.405833e-01
145	4.833363e-03	2.423497e-01
146	4.907472e-03	2.441045e-01
147	4.981573e-03	2.458475e-01
148	5.055632e-03	2.475781e-01
149	5.129618e-03	2.492960e-01
150	5.203502e-03	2.510009e-01
151	5.277256e-03	2.526925e-01
152	5.350853e-03	2.543706e-01
153	5.424269e-03	2.560349e-01
154	5.497482e-03	2.576852e-01
155	5.570471e-03	2.593214e-01
156	5.643218e-03	2.609435e-01
157	5.715705e-03	2.625513e-01
158	5.787919e-03	2.641447e-01
159	5.859845e-03	2.657237e-01
160	5.931471e-03	2.672884e-01
161	6.002787e-03	2.688388e-01
162	6.073785e-03	2.703749e-01
163	6.144457e-03	2.718968e-01
164	6.214796e-03	2.734046e-01
165	6.284797e-03	2.748983e-01
166	6.354455e-03	2.763782e-01
167	6.423767e-03	2.778444e-01
168	6.492729e-03	2.792969e-01
169	6.561337e-03	2.807359e-01
170	6.629589e-03	2.821616e-01
171	6.697482e-03	2.835741e-01
172	6.765013e-03	2.849736e-01
173	6.832181e-03	2.863603e-01
174	6.898983e-03	2.877342e-01
175	6.965416e-03	2.890955e-01
176	7.031478e-03	2.904445e-01
177	7.097165e-03	2.917811e-01
178	7.162474e-03	2.931056e-01
179	7.227403e-03	2.944181e-01
180	7.291949e-03	2.957187e-01
181	7.356110e-03	2.970076e-01
182	7.419883e-03	2.982850e-01
183	7.483267e-03	2.995509e-01
184	7.546260e-03	3.008056e-01
185	7.608860e-03	3.020491e-01
186	7.671067e-03	3.032817e-01
187	7.732880e-03	3.045035e-01
188	7.794300e-03	3.057146e-01
189	7.855326e-03	3.069153e-01
190	7.915961e-03	3.081056e-01
191	7.976207e-03	3.092858e-01
192	8.036066e-03	3.104560e-01
193	8.095543e-03	3.116165e-01
194	8.154641e-03	3.127675e-01
195	8.213364e-03	3.139090e-01
196	8.271719e-03	3.150413e-01
197	8.329710e-03	3.161647e-01
198	8.387344e-03	3.172792e-01
199	8.444627e-03	3.183851e-01
200	8.501568e-03	3.194826e-01
201	8.558173e-03	3.205719e-01
202	8.614451e-03	3.216532e-01
203	8.670412e-03	3.227266e-01
204	8.726065e-03	3.237925e-01
205	8.781419e-03	3.248510e-01
206	8.836485e-03	3.259022e-01
207	8.891275e-03	3.269465e-01
208	8.945801e-03	3.279841e-01
209	9.000074e-03	3.290151e-01
210	9.054109e-03	3.300398e-01
211	9.107919e-03	3.310584e-01
212	9.161520e-03	3.320712e-01
213	9.214928e-03	3.330784e-01
214	9.268160e-03	3.340803e-01
215	9.321235e-03	3.350772e-01
216	9.374171e-03	3.360694e-01
217	9.426989e-03	3.370571e-01
218	9.479711e-03	3.380407e-01
219	9.532358e-03	3.390205e-01
220	9.584955e-03	3.399968e-01
221	9.637527e-03	3.409700e-01
222	9.690098e-03	3.419404e-01
223	9.742698e-03	3.429085e-01
224	9.795353e-03	3.438746e-01
225	9.848094e-03	3.448391e-01
226	9.900949e-03	3.458024e-01
227	9.953950e-03	3.467649e-01
228	1.000713e-02	3.477271e-01
229	1.006051e-02	3.486893e-01
230	1.011414e-02	3.496521e-01
231	1.016805e-02	3.506158e-01
232	1.022226e-02	3.515808e-01
233	1.027681e-02	3.525477e-01
234	1.033174e-02	3.535168e-01
235	1.038707e-02	3.544886e-01
236	1.044285e-02	3.554635e-01
237	1.049911e-02	3.564420e-01
238	1.055588e-02	3.574245e-01
239	1.061319e-02	3.584113e-01
240	1.067108e-02	3.594030e-01
241	1.072958e-02	3.603998e-01
242	1.078873e-02	3.614023e-01
243	1.084855e-02	3.624107e-01
244	1.090907e-02	3.634256e-01
245	1.097034e-02	3.644472e-01
246	1.103237e-02	3.654758e-01
247	1.109519e-02	3.665120e-01
248	1.115885e-02	3.675559e-01
249	1.122336e-02	3.686079e-01
250	1.128874e-02	3.696683e-01
251	1.135504e-02	3.707375e-01
252	1.142227e-02	3.718156e-01
253	1.149047e-02	3.729030e-01
254	1.155964e-02	3.740000e-01
255	1.162982e-02	3.751067e-01
256	1.170104e-02	3.762235e-01
257	1.177330e-02	3.773505e-01
258	1.184664e-02	3.784879e-01
259	1.192107e-02	3.796360e-01
260	1.199662e-02	3.807950e-01
261	1.207330e-02	3.819649e-01
262	1.215113e-02	3.831460e-01
263	1.223012e-02	3.843384e-01
264	1.231030e-02	3.855421e-01
265	1.239167e-02	3.867575e-01
266	1.247426e-02	3.879844e-01
267	1.255806e-02	3.892230e-01
268	1.264310e-02	3.904734e-01
269	1.272938e-02	3.917356e-01
270	1.281691e-02	3.930096e-01
271	1.290570e-02	3.942954e-01
272	1.299576e-02	3.955930e-01
273	1.308708e-02	3.969023e-01
274	1.317968e-02	3.982235e-01
275	1.327355e-02	3.995562e-01
276	1.336871e-02	4.009007e-01
277	1.346514e-02	4.022566e-01
278	1.356284e-02	4.036239e-01
279	1.366183e-02	4.050026e-01
280	1.376208e-02	4.063924e-01
281	1.386360e-02	4.077933e-01
282	1.396639e-02	4.092050e-01
283	1.407043e-02	4.106274e-01
284	1.417573e-02	4.120604e-01
285	1.428226e-02	4.135037e-01
286	1.439003e-02	4.149570e-01
287	1.449901e-02	4.164203e-01
288	1.460921e-02	4.178932e-01
289	1.472060e-02	4.193756e-01
290	1.483318e-02	4.208672e-01
291	1.494693e-02	4.223677e-01
292	1.506184e-02	4.238768e-01
293	1.517789e-02	4.253945e-01
294	1.529507e-02	4.269203e-01
295	1.541337e-02	4.284540e-01
296	1.553277e-02	4.299954e-01
297	1.565325e-02	4.315443e-01
298	1.577481e-02	4.331002e-01
299	1.589741e-02	4.346631e-01
300	1.602106e-02	4.362326e-01
301	1.614572e-02	4.378084e-01
302	1.627140e-02	4.393904e-01
303	1.639805e-02	4.409781e-01
304	1.652568e-02	4.425715e-01
305	1.665426e-02	4.441701e-01
306	1.678378e-02	4.457737e-01
307	1.691421e-02	4.473821e-01
308	1.704554e-02	4.489949e-01
309	1.717775e-02	4.506120e-01
310	1.731081e-02	4.522330e-01
311	1.744471e-02	4.538576e-01
312	1.757944e-02	4.554856e-01
313	1.771495e-02	4.571167e-01
314	1.785125e-02	4.587506e-01
315	1.798830e-02	4.603871e-01
316	1.812608e-02	4.620258e-01
317	1.826457e-02	4.636666e-01
318	1.840375e-02	4.653090e-01
319	1.854359e-02	4.669528e-01
320	1.868407e-02	4.685978e-01
321	1.882516e-02	4.702436e-01
322	1.896684e-02	4.718900e-01
323	1.910908e-02	4.735365e-01
324	1.925185e-02	4.751831e-01
325	1.939512e-02	4.768292e-01
326	1.953888e-02	4.784748e-01
327	1.968308e-02	4.801193e-01
328	1.982770e-02	4.817626e-01
329	1.997272e-02	4.834044e-01
330	2.011809e-02	4.850443e-01
331	2.026380e-02	4.866820e-01
332	2.040980e-02	4.883173e-01
333	2.055608e-02	4.899498e-01
334	2.070259e-02	4.915793e-01
335	2.084931e-02	4.932054e-01
336	2.099620e-02	4.948279e-01
337	2.114323e-02	4.964464e-01
338	2.129037e-02	4.980607e-01
339	2.143759e-02	4.996705e-01
340	2.158484e-02	5.012754e-01
341	2.173210e-02	5.028751e-01
342	2.187933e-02	5.044693e-01
343	2.202649e-02	5.060578e-01
344	2.217354e-02	5.076401e-01
345	2.232045e-02	5.092160e-01
346	2.246718e-02	5.107851e-01
347	2.261369e-02	5.123472e-01
348	2.275994e-02	5.139019e-01
349	2.290590e-02	5.154488e-01
350	2.305151e-02	5.169877e-01
351	2.319675e-02	5.185183e-01
352	2.334158e-02	5.200403e-01
353	2.348596e-02	5.215533e-01
354	2.362985e-02	5.230572e-01
355	2.377322e-02	5.245516e-01
356	2.391603e-02	5.260364e-01
357	2.405826e-02	5.275113e-01
358	2.419987e-02	5.289761e-01
359	2.434083e-02	5.304307e-01
360	2.448112e-02	5.318750e-01
361	2.462072e-02	5.333087e-01
362	2.475959e-02	5.347319e-01
363	2.489772e-02	5.361444e-01
364	2.503509e-02	5.375461e-01
365	2.517168e-02	5.389371e-01
366	2.530748e-02	5.403173e-01
367	2.544246e-02	5.416868e-01
368	2.557663e-02	5.430454e-01
369	2.570995e-02	5.443932e-01
370	2.584243e-02	5.457304e-01
371	2.597405e-02	5.470568e-01
372	2.610480e-02	5.483726e-01
373	2.623467e-02	5.496778e-01
374	2.636366e-02	5.509724e-01
375	2.649174e-02	5.522565e-01
376	2.661892e-02	5.535302e-01
377	2.674518e-02	5.547935e-01
378	2.687051e-02	5.560464e-01
379	2.699490e-02	5.572890e-01
380	2.711835e-02	5.585214e-01
381	2.724082e-02	5.597434e-01
382	2.736232e-02	5.609552e-01
383	2.748284e-02	5.621568e-01
384	2.760235e-02	5.633481e-01
385	2.772083e-02	5.645291e-01
386	2.783829e-02	5.656999e-01
387	2.795469e-02	5.668603e-01
388	2.807001e-02	5.680104e-01
389	2.818425e-02	5.691500e-01
390	2.829738e-02	5.702792e-01
391	2.840937e-02	5.713978e-01
392	2.852021e-02	5.725057e-01
393	2.862988e-02	5.736030e-01
394	2.873835e-02	5.746894e-01
395	2.884561e-02	5.757648e-01
396	2.895162e-02	5.768293e-01
397	2.905636e-02	5.778825e-01
398	2.915982e-02	5.789246e-01
