t_index	avg_L2_error	avg_relative_error
0	4.253137e-08	8.444039e-04
1	1.451337e-07	1.548740e-03
2	3.019738e-07	2.219125e-03
3	5.094464e-07	2.869028e-03
4	7.639752e-07	3.502898e-03
5	1.061838e-06	4.122496e-03
6	1.399306e-06	4.728614e-03
7	1.772842e-06	5.321775e-03
8	2.179121e-06	5.902375e-03
9	2.615104e-06	6.470793e-03
10	3.077849e-06	7.027197e-03
11	3.564398e-06	7.571548e-03
12	4.071858e-06	8.103758e-03
13	4.597419e-06	8.623716e-03
14	5.138509e-06	9.131402e-03
15	5.692868e-06	9.626913e-03
16	6.258580e-06	1.011048e-02
17	6.833996e-06	1.058238e-02
18	7.417778e-06	1.104300e-02
19	8.008896e-06	1.149279e-02
20	8.606565e-06	1.193226e-02
21	9.210235e-06	1.236191e-02
22	9.819597e-06	1.278227e-02
23	1.043446e-05	1.319383e-02
24	1.105476e-05	1.359704e-02
25	1.168060e-05	1.399239e-02
26	1.231223e-05	1.438035e-02
27	1.294994e-05	1.476139e-02
28	1.359417e-05	1.513599e-02
29	1.424536e-05	1.550462e-02
30	1.490388e-05	1.586767e-02
31	1.556999e-05	1.622544e-02
32	1.624379e-05	1.657815e-02
33	1.692518e-05	1.692587e-02
34	1.761382e-05	1.726858e-02
35	1.830923e-05	1.760614e-02
36	1.901085e-05	1.793841e-02
37	1.971822e-05	1.826525e-02
38	2.043098e-05	1.858659e-02
39	2.114896e-05	1.890243e-02
40	2.187218e-05	1.921287e-02
41	2.260084e-05	1.951808e-02
42	2.333526e-05	1.981830e-02
43	2.407583e-05	2.011382e-02
44	2.482297e-05	2.040492e-02
45	2.557705e-05	2.069188e-02
46	2.633840e-05	2.097496e-02
47	2.710724e-05	2.125439e-02
48	2.788366e-05	2.153031e-02
49	2.866767e-05	2.180285e-02
50	2.945924e-05	2.207214e-02
51	3.025831e-05	2.233824e-02
52	3.106477e-05	2.260124e-02
53	3.187859e-05	2.286123e-02
54	3.269970e-05	2.311829e-02
55	3.352808e-05	2.337251e-02
56	3.436377e-05	2.362402e-02
57	3.520686e-05	2.387295e-02
58	3.605755e-05	2.411948e-02
59	3.691615e-05	2.436380e-02
60	3.778306e-05	2.460615e-02
61	3.865877e-05	2.484681e-02
62	3.954384e-05	2.508606e-02
63	4.043892e-05	2.532420e-02
64	4.134466e-05	2.556154e-02
65	4.226181e-05	2.579842e-02
66	4.319110e-05	2.603514e-02
67	4.413325e-05	2.627203e-02
68	4.508897e-05	2.650938e-02
69	4.605887e-05	2.674743e-02
70	4.704354e-05	2.698641e-02
71	4.804352e-05	2.722655e-02
72	4.905933e-05	2.746803e-02
73	5.009145e-05	2.771101e-02
74	5.114030e-05	2.795564e-02
75	5.220632e-05	2.820204e-02
76	5.328991e-05	2.845030e-02
77	5.439151e-05	2.870052e-02
78	5.551154e-05	2.895279e-02
79	5.665041e-05	2.920716e-02
80	5.780853e-05	2.946369e-02
81	5.898633e-05	2.972242e-02
82	6.018428e-05	2.998341e-02
83	6.140282e-05	3.024671e-02
84	6.264246e-05	3.051236e-02
85	6.390377e-05	3.078043e-02
86	6.518734e-05	3.105099e-02
87	6.649382e-05	3.132413e-02
88	6.782390e-05	3.159994e-02
89	6.917835e-05	3.187851e-02
90	7.055801e-05	3.215998e-02
91	7.196380e-05	3.244448e-02
92	7.339652e-05	3.273211e-02
93	7.485713e-05	3.302299e-02
94	7.634654e-05	3.331723e-02
95	7.786579e-05	3.361495e-02
96	7.941588e-05	3.391627e-02
97	8.099784e-05	3.422128e-02
98	8.261262e-05	3.453006e-02
99	8.426127e-05	3.484268e-02
100	8.594472e-05	3.515921e-02
101	8.766388e-05	3.547966e-02
102	8.941967e-05	3.580407e-02
103	9.121298e-05	3.613246e-02
104	9.304476e-05	3.646484e-02
105	9.491587e-05	3.680122e-02
106	9.682716e-05	3.714157e-02
107	9.877947e-05	3.748590e-02
108	1.007736e-04	3.783418e-02
109	1.028105e-04	3.818640e-02
110	1.048908e-04	3.854253e-02
111	1.070155e-04	3.890256e-02
112	1.091854e-04	3.926647e-02
113	1.114012e-04	3.963422e-02
114	1.136639e-04	4.000582e-02
115	1.159742e-04	4.038122e-02
116	1.183329e-04	4.076038e-02
117	1.207407e-04	4.114328e-02
118	1.231983e-04	4.152986e-02
119	1.257065e-04	4.192011e-02
120	1.282659e-04	4.231396e-02
121	1.308772e-04	4.271137e-02
122	1.335410e-04	4.311229e-02
123	1.362579e-04	4.351665e-02
124	1.390283e-04	4.392441e-02
125	1.418529e-04	4.433550e-02
126	1.447320e-04	4.474984e-02
127	1.476659e-04	4.516736e-02
128	1.506550e-04	4.558799e-02
129	1.536995e-04	4.601165e-02
130	1.567995e-04	4.643823e-02
131	1.599550e-04	4.686763e-02
132	1.631661e-04	4.729977e-02
133	1.664326e-04	4.773453e-02
134	1.697545e-04	4.817181e-02
135	1.731317e-04	4.861150e-02
136	1.765638e-04	4.905349e-02
137	1.800505e-04	4.949764e-02
138	1.835914e-04	4.994384e-02
139	1.871861e-04	5.039196e-02
140	1.908340e-04	5.084185e-02
141	1.945346e-04	5.129339e-02
142	1.982871e-04	5.174643e-02
143	2.020909e-04	5.220083e-02
144	2.059451e-04	5.265644e-02
145	2.098486e-04	5.311308e-02
146	2.138004e-04	5.357060e-02
147	2.177995e-04	5.402885e-02
148	2.218446e-04	5.448764e-02
149	2.259345e-04	5.494682e-02
150	2.300678e-04	5.540622e-02
151	2.342432e-04	5.586568e-02
152	2.384592e-04	5.632502e-02
153	2.427142e-04	5.678407e-02
154	2.470067e-04	5.724267e-02
155	2.513349e-04	5.770064e-02
156	2.556973e-04	5.815782e-02
157	2.600919e-04	5.861404e-02
158	2.645170e-04	5.906913e-02
159	2.689708e-04	5.952293e-02
160	2.734514e-04	5.997529e-02
161	2.779567e-04	6.042604e-02
162	2.824851e-04	6.087503e-02
163	2.870345e-04	6.132212e-02
164	2.916031e-04	6.176717e-02
165	2.961892e-04	6.221007e-02
166	3.007909e-04	6.265069e-02
167	3.054065e-04	6.308891e-02
168	3.100341e-04	6.352462e-02
169	3.146723e-04	6.395775e-02
170	3.193193e-04	6.438819e-02
171	3.239735e-04	6.481586e-02
172	3.286333e-04	6.524068e-02
173	3.332971e-04	6.566258e-02
174	3.379632e-04	6.608150e-02
175	3.426304e-04	6.649737e-02
176	3.472970e-04	6.691016e-02
177	3.519619e-04	6.731983e-02
178	3.566235e-04	6.772634e-02
179	3.612805e-04	6.812964e-02
180	3.659316e-04	6.852973e-02
181	3.705759e-04	6.892660e-02
182	3.752125e-04	6.932027e-02
183	3.798404e-04	6.971073e-02
184	3.844589e-04	7.009802e-02
185	3.890673e-04	7.048214e-02
186	3.936650e-04	7.086315e-02
187	3.982515e-04	7.124107e-02
188	4.028264e-04	7.161597e-02
189	4.073895e-04	7.198788e-02
190	4.119405e-04	7.235687e-02
191	4.164792e-04	7.272299e-02
192	4.210057e-04	7.308631e-02
193	4.255197e-04	7.344689e-02
194	4.300215e-04	7.380481e-02
195	4.345112e-04	7.416015e-02
196	4.389890e-04	7.451297e-02
197	4.434553e-04	7.486336e-02
198	4.479103e-04	7.521140e-02
199	4.523548e-04	7.555719e-02
200	4.567895e-04	7.590082e-02
201	4.612151e-04	7.624240e-02
202	4.656328e-04	7.658205e-02
203	4.700441e-04	7.691990e-02
204	4.744502e-04	7.725607e-02
205	4.788531e-04	7.759071e-02
206	4.832546e-04	7.792399e-02
207	4.876573e-04	7.825608e-02
208	4.920636e-04	7.858717e-02
209	4.964766e-04	7.891745e-02
210	5.008993e-04	7.924716e-02
211	5.053354e-04	7.957650e-02
212	5.097884e-04	7.990572e-02
213	5.142622e-04	8.023505e-02
214	5.187609e-04	8.056475e-02
215	5.232885e-04	8.089506e-02
216	5.278495e-04	8.122623e-02
217	5.324482e-04	8.155852e-02
218	5.370889e-04	8.189217e-02
219	5.417757e-04	8.222742e-02
220	5.465128e-04	8.256449e-02
221	5.513041e-04	8.290358e-02
222	5.561532e-04	8.324490e-02
223	5.610636e-04	8.358862e-02
224	5.660385e-04	8.393490e-02
225	5.710809e-04	8.428388e-02
226	5.761937e-04	8.463571e-02
227	5.813793e-04	8.499050e-02
228	5.866403e-04	8.534835e-02
229	5.919791e-04	8.570938e-02
230	5.973977e-04	8.607367e-02
231	6.028984e-04	8.644130e-02
232	6.084831e-04	8.681234e-02
233	6.141537e-04	8.718687e-02
234	6.199118e-04	8.756493e-02
235	6.257587e-04	8.794657e-02
236	6.316955e-04	8.833179e-02
237	6.377230e-04	8.872060e-02
238	6.438415e-04	8.911299e-02
239	6.500510e-04	8.950892e-02
240	6.563514e-04	8.990834e-02
241	6.627421e-04	9.031119e-02
242	6.692220e-04	9.071738e-02
243	6.757900e-04	9.112681e-02
244	6.824447e-04	9.153940e-02
245	6.891842e-04	9.195501e-02
246	6.960062e-04	9.237351e-02
247	7.029081e-04	9.279474e-02
248	7.098870e-04	9.321854e-02
249	7.169399e-04	9.364472e-02
250	7.240631e-04	9.407312e-02
251	7.312530e-04	9.450353e-02
252	7.385051e-04	9.493573e-02
253	7.458149e-04	9.536949e-02
254	7.531772e-04	9.580457e-02
255	7.605866e-04	9.624072e-02
256	7.680371e-04	9.667766e-02
257	7.755223e-04	9.711510e-02
258	7.830353e-04	9.755275e-02
259	7.905689e-04	9.799030e-02
260	7.981156e-04	9.842742e-02
261	8.056669e-04	9.886379e-02
262	8.132143e-04	9.929904e-02
263	8.207486e-04	9.973281e-02
264	8.282601e-04	1.001647e-01
265	8.357384e-04	1.005944e-01
266	8.431729e-04	1.010213e-01
267	8.505523e-04	1.014452e-01
268	8.578649e-04	1.018656e-01
269	8.650988e-04	1.022819e-01
270	8.722415e-04	1.026939e-01
271	8.792802e-04	1.031009e-01
272	8.862018e-04	1.035026e-01
273	8.929930e-04	1.038985e-01
274	8.996405e-04	1.042880e-01
275	9.061308e-04	1.046708e-01
276	9.124506e-04	1.050463e-01
277	9.185866e-04	1.054141e-01
278	9.245259e-04	1.057738e-01
279	9.302562e-04	1.061248e-01
280	9.357654e-04	1.064669e-01
281	9.410419e-04	1.067996e-01
282	9.460750e-04	1.071224e-01
283	9.508551e-04	1.074352e-01
284	9.553732e-04	1.077375e-01
285	9.596214e-04	1.080292e-01
286	9.635931e-04	1.083098e-01
287	9.672827e-04	1.085793e-01
288	9.706864e-04	1.088374e-01
289	9.738014e-04	1.090841e-01
290	9.766267e-04	1.093193e-01
291	9.791626e-04	1.095429e-01
292	9.814114e-04	1.097550e-01
293	9.833767e-04	1.099556e-01
294	9.850635e-04	1.101450e-01
295	9.864788e-04	1.103232e-01
296	9.876306e-04	1.104905e-01
297	9.885282e-04	1.106472e-01
298	9.891827e-04	1.107937e-01
299	9.896066e-04	1.109302e-01
300	9.898141e-04	1.110572e-01
301	9.898208e-04	1.111753e-01
302	9.896433e-04	1.112850e-01
303	9.892993e-04	1.113868e-01
304	9.888076e-04	1.114815e-01
305	9.881879e-04	1.115697e-01
306	9.874606e-04	1.116520e-01
307	9.866465e-04	1.117294e-01
308	9.857667e-04	1.118025e-01
309	9.848428e-04	1.118722e-01
310	9.838960e-04	1.119393e-01
311	9.829475e-04	1.120045e-01
312	9.820178e-04	1.120687e-01
313	9.811270e-04	1.121328e-01
314	9.802947e-04	1.121975e-01
315	9.795391e-04	1.122636e-01
316	9.788779e-04	1.123319e-01
317	9.783272e-04	1.124030e-01
318	9.779022e-04	1.124777e-01
319	9.776167e-04	1.125567e-01
320	9.774829e-04	1.126404e-01
321	9.775119e-04	1.127294e-01
322	9.777130e-04	1.128243e-01
323	9.780942e-04	1.129254e-01
324	9.786619e-04	1.130331e-01
325	9.794214e-04	1.131477e-01
326	9.803764e-04	1.132695e-01
327	9.815295e-04	1.133986e-01
328	9.828822e-04	1.135352e-01
329	9.844349e-04	1.136793e-01
330	9.861872e-04	1.138311e-01
331	9.881377e-04	1.139906e-01
332	9.902843e-04	1.141576e-01
333	9.926244e-04	1.143322e-01
334	9.951551e-04	1.145143e-01
335	9.978728e-04	1.147037e-01
336	1.000774e-03	1.149002e-01
337	1.003854e-03	1.151039e-01
338	1.007109e-03	1.153144e-01
339	1.010534e-03	1.155316e-01
340	1.014127e-03	1.157554e-01
341	1.017882e-03	1.159856e-01
342	1.021795e-03	1.162219e-01
343	1.025863e-03	1.164643e-01
344	1.030083e-03	1.167125e-01
345	1.034450e-03	1.169664e-01
346	1.038961e-03	1.172259e-01
347	1.043613e-03	1.174907e-01
348	1.048405e-03	1.177608e-01
349	1.053332e-03	1.180361e-01
350	1.058394e-03	1.183164e-01
351	1.063587e-03	1.186015e-01
352	1.068911e-03	1.188915e-01
353	1.074362e-03	1.191862e-01
354	1.079941e-03	1.194854e-01
355	1.085645e-03	1.197892e-01
356	1.091473e-03	1.200975e-01
357	1.097425e-03	1.204100e-01
358	1.103498e-03	1.207269e-01
359	1.109693e-03	1.210480e-01
360	1.116008e-03	1.213732e-01
361	1.122442e-03	1.217025e-01
362	1.128996e-03	1.220358e-01
363	1.135667e-03	1.223730e-01
364	1.142455e-03	1.227141e-01
365	1.149359e-03	1.230590e-01
366	1.156378e-03	1.234075e-01
367	1.163510e-03	1.237596e-01
368	1.170755e-03	1.241152e-01
369	1.178110e-03	1.244742e-01
370	1.185574e-03	1.248365e-01
371	1.193146e-03	1.252020e-01
372	1.200823e-03	1.255705e-01
373	1.208605e-03	1.259420e-01
374	1.216488e-03	1.263164e-01
375	1.224472e-03	1.266935e-01
376	1.232555e-03	1.270732e-01
377	1.240734e-03	1.274555e-01
378	1.249010e-03	1.278403e-01
379	1.257380e-03	1.282274e-01
380	1.265844e-03	1.286169e-01
381	1.274402e-03	1.290087e-01
382	1.283053e-03	1.294028e-01
383	1.291797e-03	1.297991e-01
384	1.300633e-03	1.301977e-01
385	1.309562e-03	1.305985e-01
386	1.318584e-03	1.310015e-01
387	1.327700e-03	1.314067e-01
388	1.336909e-03	1.318141e-01
389	1.346212e-03	1.322237e-01
390	1.355610e-03	1.326355e-01
391	1.365102e-03	1.330496e-01
392	1.374688e-03	1.334658e-01
393	1.384370e-03	1.338843e-01
394	1.394146e-03	1.343049e-01
395	1.404017e-03	1.347278e-01
396	1.413984e-03	1.351528e-01
397	1.424044e-03	1.355800e-01
398	1.434198e-03	1.360094e-01
