t_index	avg_L2_error	avg_relative_error
0	3.199524e-08	7.339542e-04
1	8.949328e-08	1.240586e-03
2	1.674399e-07	1.696910e-03
3	2.646068e-07	2.126617e-03
4	3.800545e-07	2.538236e-03
5	5.128483e-07	2.936087e-03
6	6.620231e-07	3.322693e-03
7	8.266397e-07	3.699774e-03
8	1.005619e-06	4.068285e-03
9	1.197698e-06	4.428620e-03
10	1.401262e-06	4.780424e-03
11	1.614433e-06	5.122906e-03
12	1.835192e-06	5.455318e-03
13	2.061603e-06	5.777101e-03
14	2.291856e-06	6.087852e-03
15	2.524498e-06	6.387504e-03
16	2.758485e-06	6.676306e-03
17	2.993111e-06	6.954707e-03
18	3.228085e-06	7.223390e-03
19	3.463574e-06	7.483313e-03
20	3.700138e-06	7.735623e-03
21	3.938617e-06	7.981540e-03
22	4.179906e-06	8.222162e-03
23	4.424868e-06	8.458429e-03
24	4.674172e-06	8.691011e-03
25	4.928275e-06	8.920349e-03
26	5.187394e-06	9.146651e-03
27	5.451603e-06	9.370011e-03
28	5.720957e-06	9.590529e-03
29	5.995539e-06	9.808346e-03
30	6.275561e-06	1.002373e-02
31	6.561316e-06	1.023704e-02
32	6.853175e-06	1.044867e-02
33	7.151520e-06	1.065906e-02
34	7.456690e-06	1.086855e-02
35	7.768943e-06	1.107745e-02
36	8.088473e-06	1.128599e-02
37	8.415455e-06	1.149437e-02
38	8.750114e-06	1.170283e-02
39	9.092762e-06	1.191165e-02
40	9.443801e-06	1.212120e-02
41	9.803688e-06	1.233188e-02
42	1.017292e-05	1.254411e-02
43	1.055197e-05	1.275829e-02
44	1.094122e-05	1.297474e-02
45	1.134094e-05	1.319371e-02
46	1.175125e-05	1.341528e-02
47	1.217211e-05	1.363945e-02
48	1.260336e-05	1.386611e-02
49	1.304473e-05	1.409507e-02
50	1.349585e-05	1.432609e-02
51	1.395632e-05	1.455887e-02
52	1.442571e-05	1.479310e-02
53	1.490357e-05	1.502847e-02
54	1.538947e-05	1.526466e-02
55	1.588304e-05	1.550139e-02
56	1.638399e-05	1.573842e-02
57	1.689216e-05	1.597561e-02
58	1.740748e-05	1.621286e-02
59	1.793005e-05	1.645017e-02
60	1.846003e-05	1.668756e-02
61	1.899771e-05	1.692512e-02
62	1.954343e-05	1.716300e-02
63	2.009759e-05	1.740134e-02
64	2.066060e-05	1.764032e-02
65	2.123287e-05	1.788009e-02
66	2.181477e-05	1.812077e-02
67	2.240656e-05	1.836244e-02
68	2.300845e-05	1.860511e-02
69	2.362052e-05	1.884873e-02
70	2.424282e-05	1.909325e-02
71	2.487533e-05	1.933856e-02
72	2.551799e-05	1.958453e-02
73	2.617072e-05	1.983104e-02
74	2.683345e-05	2.007797e-02
75	2.750605e-05	2.032520e-02
76	2.818841e-05	2.057258e-02
77	2.888035e-05	2.081997e-02
78	2.958173e-05	2.106725e-02
79	3.029231e-05	2.131427e-02
80	3.101188e-05	2.156090e-02
81	3.174032e-05	2.180705e-02
82	3.247751e-05	2.205264e-02
83	3.322339e-05	2.229761e-02
84	3.397793e-05	2.254193e-02
85	3.474109e-05	2.278557e-02
86	3.551289e-05	2.302851e-02
87	3.629334e-05	2.327076e-02
88	3.708245e-05	2.351230e-02
89	3.788013e-05	2.375310e-02
90	3.868638e-05	2.399315e-02
91	3.950119e-05	2.423248e-02
92	4.032454e-05	2.447107e-02
93	4.115635e-05	2.470892e-02
94	4.199657e-05	2.494600e-02
95	4.284512e-05	2.518233e-02
96	4.370197e-05	2.541789e-02
97	4.456702e-05	2.565269e-02
98	4.544034e-05	2.588676e-02
99	4.632189e-05	2.612012e-02
100	4.721170e-05	2.635280e-02
101	4.810976e-05	2.658482e-02
102	4.901610e-05	2.681622e-02
103	4.993081e-05	2.704707e-02
104	5.085399e-05	2.727740e-02
105	5.178568e-05	2.750728e-02
106	5.272600e-05	2.773675e-02
107	5.367497e-05	2.796583e-02
108	5.463259e-05	2.819456e-02
109	5.559897e-05	2.842298e-02
110	5.657405e-05	2.865108e-02
111	5.755779e-05	2.887886e-02
112	5.855025e-05	2.910636e-02
113	5.955145e-05	2.933357e-02
114	6.056132e-05	2.956048e-02
115	6.157984e-05	2.978711e-02
116	6.260715e-05	3.001348e-02
117	6.364342e-05	3.023965e-02
118	6.468874e-05	3.046565e-02
119	6.574324e-05	3.069152e-02
120	6.680715e-05	3.091732e-02
121	6.788069e-05	3.114314e-02
122	6.896411e-05	3.136904e-02
123	7.005766e-05	3.159508e-02
124	7.116154e-05	3.182135e-02
125	7.227595e-05	3.204791e-02
126	7.340107e-05	3.227480e-02
127	7.453703e-05	3.250208e-02
128	7.568395e-05	3.272980e-02
129	7.684192e-05	3.295800e-02
130	7.801102e-05	3.318671e-02
131	7.919129e-05	3.341597e-02
132	8.038274e-05	3.364581e-02
133	8.158532e-05	3.387625e-02
134	8.279896e-05	3.410731e-02
135	8.402356e-05	3.433899e-02
136	8.525905e-05	3.457131e-02
137	8.650532e-05	3.480427e-02
138	8.776224e-05	3.503789e-02
139	8.902972e-05	3.527217e-02
140	9.030758e-05	3.550711e-02
141	9.159566e-05	3.574270e-02
142	9.289382e-05	3.597893e-02
143	9.420188e-05	3.621580e-02
144	9.551966e-05	3.645329e-02
145	9.684695e-05	3.669137e-02
146	9.818348e-05	3.693001e-02
147	9.952900e-05	3.716916e-02
148	1.008832e-04	3.740878e-02
149	1.022458e-04	3.764883e-02
150	1.036166e-04	3.788926e-02
151	1.049953e-04	3.813003e-02
152	1.063816e-04	3.837109e-02
153	1.077755e-04	3.861240e-02
154	1.091766e-04	3.885392e-02
155	1.105848e-04	3.909560e-02
156	1.119999e-04	3.933740e-02
157	1.134219e-04	3.957930e-02
158	1.148505e-04	3.982125e-02
159	1.162858e-04	4.006323e-02
160	1.177278e-04	4.030523e-02
161	1.191764e-04	4.054721e-02
162	1.206317e-04	4.078916e-02
163	1.220938e-04	4.103108e-02
164	1.235628e-04	4.127295e-02
165	1.250388e-04	4.151479e-02
166	1.265222e-04	4.175659e-02
167	1.280131e-04	4.199839e-02
168	1.295119e-04	4.224019e-02
169	1.310190e-04	4.248204e-02
170	1.325349e-04	4.272396e-02
171	1.340600e-04	4.296601e-02
172	1.355950e-04	4.320823e-02
173	1.371403e-04	4.345068e-02
174	1.386965e-04	4.369340e-02
175	1.402643e-04	4.393646e-02
176	1.418444e-04	4.417993e-02
177	1.434374e-04	4.442385e-02
178	1.450439e-04	4.466829e-02
179	1.466646e-04	4.491329e-02
180	1.483002e-04	4.515891e-02
181	1.499512e-04	4.540519e-02
182	1.516181e-04	4.565217e-02
183	1.533016e-04	4.589989e-02
184	1.550023e-04	4.614838e-02
185	1.567205e-04	4.639767e-02
186	1.584568e-04	4.664778e-02
187	1.602114e-04	4.689870e-02
188	1.619849e-04	4.715046e-02
189	1.637776e-04	4.740305e-02
190	1.655899e-04	4.765649e-02
191	1.674223e-04	4.791080e-02
192	1.692753e-04	4.816600e-02
193	1.711495e-04	4.842208e-02
194	1.730454e-04	4.867909e-02
195	1.749638e-04	4.893705e-02
196	1.769056e-04	4.919602e-02
197	1.788715e-04	4.945602e-02
198	1.808626e-04	4.971711e-02
199	1.828800e-04	4.997936e-02
200	1.849248e-04	5.024281e-02
201	1.869981e-04	5.050754e-02
202	1.891014e-04	5.077361e-02
203	1.912360e-04	5.104109e-02
204	1.934033e-04	5.131007e-02
205	1.956049e-04	5.158064e-02
206	1.978424e-04	5.185287e-02
207	2.001173e-04	5.212684e-02
208	2.024312e-04	5.240261e-02
209	2.047858e-04	5.268028e-02
210	2.071829e-04	5.295992e-02
211	2.096241e-04	5.324162e-02
212	2.121110e-04	5.352544e-02
213	2.146452e-04	5.381142e-02
214	2.172283e-04	5.409963e-02
215	2.198617e-04	5.439009e-02
216	2.225467e-04	5.468286e-02
217	2.252850e-04	5.497796e-02
218	2.280779e-04	5.527542e-02
219	2.309267e-04	5.557528e-02
220	2.338332e-04	5.587757e-02
221	2.367986e-04	5.618232e-02
222	2.398248e-04	5.648957e-02
223	2.429132e-04	5.679937e-02
224	2.460657e-04	5.711175e-02
225	2.492841e-04	5.742676e-02
226	2.525701e-04	5.774446e-02
227	2.559257e-04	5.806488e-02
228	2.593528e-04	5.838807e-02
229	2.628529e-04	5.871407e-02
230	2.664276e-04	5.904287e-02
231	2.700783e-04	5.937450e-02
232	2.738065e-04	5.970893e-02
233	2.776131e-04	6.004616e-02
234	2.814994e-04	6.038617e-02
235	2.854663e-04	6.072892e-02
236	2.895148e-04	6.107438e-02
237	2.936454e-04	6.142250e-02
238	2.978587e-04	6.177321e-02
239	3.021550e-04	6.212645e-02
240	3.065345e-04	6.248211e-02
241	3.109969e-04	6.284011e-02
242	3.155422e-04	6.320036e-02
243	3.201701e-04	6.356276e-02
244	3.248802e-04	6.392723e-02
245	3.296723e-04	6.429371e-02
246	3.345455e-04	6.466208e-02
247	3.394983e-04	6.503216e-02
248	3.445290e-04	6.540381e-02
249	3.496357e-04	6.577684e-02
250	3.548164e-04	6.615108e-02
251	3.600688e-04	6.652637e-02
252	3.653905e-04	6.690252e-02
253	3.707786e-04	6.727933e-02
254	3.762297e-04	6.765658e-02
255	3.817401e-04	6.803403e-02
256	3.873054e-04	6.841142e-02
257	3.929210e-04	6.878848e-02
258	3.985816e-04	6.916492e-02
259	4.042812e-04	6.954042e-02
260	4.100135e-04	6.991463e-02
261	4.157717e-04	7.028722e-02
262	4.215482e-04	7.065781e-02
263	4.273349e-04	7.102602e-02
264	4.331232e-04	7.139143e-02
265	4.389035e-04	7.175359e-02
266	4.446656e-04	7.211207e-02
267	4.503992e-04	7.246640e-02
268	4.560933e-04	7.281611e-02
269	4.617361e-04	7.316071e-02
270	4.673153e-04	7.349970e-02
271	4.728185e-04	7.383257e-02
272	4.782328e-04	7.415882e-02
273	4.835449e-04	7.447794e-02
274	4.887410e-04	7.478939e-02
275	4.938074e-04	7.509266e-02
276	4.987304e-04	7.538723e-02
277	5.034962e-04	7.567263e-02
278	5.080912e-04	7.594834e-02
279	5.125018e-04	7.621390e-02
280	5.167152e-04	7.646886e-02
281	5.207187e-04	7.671279e-02
282	5.245005e-04	7.694530e-02
283	5.280492e-04	7.716601e-02
284	5.313544e-04	7.737459e-02
285	5.344064e-04	7.757073e-02
286	5.371968e-04	7.775418e-02
287	5.397176e-04	7.792470e-02
288	5.419620e-04	7.808208e-02
289	5.439245e-04	7.822617e-02
290	5.456009e-04	7.835687e-02
291	5.469881e-04	7.847411e-02
292	5.480844e-04	7.857788e-02
293	5.488894e-04	7.866819e-02
294	5.494039e-04	7.874512e-02
295	5.496305e-04	7.880879e-02
296	5.495730e-04	7.885938e-02
297	5.492372e-04	7.889714e-02
298	5.486301e-04	7.892235e-02
299	5.477601e-04	7.893537e-02
300	5.466375e-04	7.893662e-02
301	5.452737e-04	7.892656e-02
302	5.436816e-04	7.890573e-02
303	5.418755e-04	7.887471e-02
304	5.398703e-04	7.883412e-02
305	5.376825e-04	7.878464e-02
306	5.353289e-04	7.872699e-02
307	5.328273e-04	7.866191e-02
308	5.301960e-04	7.859020e-02
309	5.274539e-04	7.851266e-02
310	5.246197e-04	7.843013e-02
311	5.217121e-04	7.834343e-02
312	5.187501e-04	7.825341e-02
313	5.157521e-04	7.816091e-02
314	5.127358e-04	7.806675e-02
315	5.097184e-04	7.797174e-02
316	5.067160e-04	7.787663e-02
317	5.037442e-04	7.778219e-02
318	5.008168e-04	7.768909e-02
319	4.979469e-04	7.759799e-02
320	4.951462e-04	7.750947e-02
321	4.924247e-04	7.742406e-02
322	4.897915e-04	7.734225e-02
323	4.872540e-04	7.726443e-02
324	4.848186e-04	7.719096e-02
325	4.824902e-04	7.712214e-02
326	4.802723e-04	7.705820e-02
327	4.781673e-04	7.699931e-02
328	4.761766e-04	7.694557e-02
329	4.743003e-04	7.689704e-02
330	4.725376e-04	7.685373e-02
331	4.708870e-04	7.681559e-02
332	4.693461e-04	7.678254e-02
333	4.679117e-04	7.675443e-02
334	4.665804e-04	7.673113e-02
335	4.653480e-04	7.671243e-02
336	4.642099e-04	7.669813e-02
337	4.631616e-04	7.668799e-02
338	4.621979e-04	7.668175e-02
339	4.613137e-04	7.667915e-02
340	4.605036e-04	7.667993e-02
341	4.597624e-04	7.668379e-02
342	4.590850e-04	7.669047e-02
343	4.584661e-04	7.669970e-02
344	4.579006e-04	7.671120e-02
345	4.573836e-04	7.672470e-02
346	4.569102e-04	7.673994e-02
347	4.564759e-04	7.675666e-02
348	4.560759e-04	7.677462e-02
349	4.557059e-04	7.679356e-02
350	4.553620e-04	7.681327e-02
351	4.550401e-04	7.683353e-02
352	4.547365e-04	7.685414e-02
353	4.544481e-04	7.687489e-02
354	4.541718e-04	7.689565e-02
355	4.539049e-04	7.691624e-02
356	4.536454e-04	7.693655e-02
357	4.533914e-04	7.695648e-02
358	4.531418e-04	7.697596e-02
359	4.528955e-04	7.699493e-02
360	4.526522e-04	7.701337e-02
361	4.524119e-04	7.703128e-02
362	4.521750e-04	7.704867e-02
363	4.519418e-04	7.706558e-02
364	4.517135e-04	7.708206e-02
365	4.514910e-04	7.709818e-02
366	4.512754e-04	7.711400e-02
367	4.510681e-04	7.712959e-02
368	4.508701e-04	7.714504e-02
369	4.506827e-04	7.716042e-02
370	4.505072e-04	7.717580e-02
371	4.503448e-04	7.719127e-02
372	4.501966e-04	7.720691e-02
373	4.500638e-04	7.722278e-02
374	4.499473e-04	7.723895e-02
375	4.498482e-04	7.725550e-02
376	4.497674e-04	7.727248e-02
377	4.497058e-04	7.728997e-02
378	4.496642e-04	7.730801e-02
379	4.496435e-04	7.732668e-02
380	4.496444e-04	7.734603e-02
381	4.496677e-04	7.736611e-02
382	4.497139e-04	7.738698e-02
383	4.497838e-04	7.740869e-02
384	4.498779e-04	7.743128e-02
385	4.499967e-04	7.745480e-02
386	4.501406e-04	7.747929e-02
387	4.503101e-04	7.750479e-02
388	4.505055e-04	7.753133e-02
389	4.507271e-04	7.755895e-02
390	4.509751e-04	7.758767e-02
391	4.512496e-04	7.761752e-02
392	4.515507e-04	7.764850e-02
393	4.518783e-04	7.768063e-02
394	4.522324e-04	7.771393e-02
395	4.526129e-04	7.774839e-02
396	4.530194e-04	7.778403e-02
397	4.534517e-04	7.782083e-02
398	4.539094e-04	7.785879e-02
