2.18372e-06
1.47805e-06
1.39548e-06
1.36550e-06
1.32103e-06
1.31672e-06
1.21389e-06
1.08245e-06
9.76316e-07
8.39925e-07
7.47226e-07
6.37000e-07
5.98568e-07
5.58177e-07
5.33566e-07
4.89778e-07
4.75522e-07
4.52350e-07
4.57756e-07
4.26189e-07
4.21271e-07
3.82555e-07
3.79707e-07
3.51125e-07
3.21164e-07
3.47644e-07
3.03649e-07
2.69673e-07
2.56763e-07
2.41815e-07
2.30789e-07
2.40097e-07
2.03954e-07
1.98481e-07
1.88493e-07
1.67230e-07
1.66816e-07
1.49936e-07
1.39061e-07
1.35517e-07
1.69992e-07
1.27114e-07
1.27658e-07
1.00557e-07
1.14581e-07
1.36676e-07
8.84569e-08
8.40141e-08
7.23027e-08
7.74599e-08
7.22733e-08
7.51312e-08
7.96821e-08
6.88555e-08
6.48591e-08
8.21037e-08
7.66934e-08
5.57995e-08
5.34311e-08
5.08679e-08
5.45770e-08
5.46733e-08
4.53317e-08
4.42095e-08
4.64730e-08
4.31667e-08
4.82492e-08
5.15346e-08
3.57608e-08
5.30659e-08
5.21282e-08
4.28697e-08
4.40450e-08
3.57731e-08
3.38416e-08
3.73886e-08
3.95873e-08
3.77593e-08
3.36006e-08
3.00750e-08
4.76702e-08
3.81758e-08
2.70752e-08
2.75772e-08
2.86474e-08
2.47072e-08
3.03126e-08
2.22301e-08
2.98639e-08
2.99707e-08
2.88853e-08
2.79843e-08
3.70199e-08
2.16555e-08
2.41609e-08
2.52008e-08
2.72019e-08
1.84855e-08
2.20622e-08
2.27938e-08
1.77475e-08
1.80220e-08
2.48891e-08
2.16179e-08
2.00540e-08
1.95117e-08
1.68568e-08
1.62900e-08
1.93666e-08
2.17316e-08
2.16438e-08
3.49447e-08
1.71426e-08
1.74877e-08
1.57394e-08
1.65974e-08
1.87610e-08
1.77038e-08
1.81401e-08
1.42640e-08
1.61440e-08
1.58691e-08
1.19871e-08
1.51389e-08
3.38216e-08
1.73562e-08
1.17912e-08
1.28619e-08
1.40389e-08
1.69533e-08
1.40388e-08
1.29744e-08
1.38491e-08
1.40291e-08
1.51313e-08
2.24199e-08
1.66506e-08
1.59635e-08
1.28173e-08
1.19257e-08
1.17601e-08
1.21642e-08
9.95009e-09
1.03905e-08
1.36693e-08
1.20928e-08
1.00100e-08
1.00358e-08
1.04543e-08
1.01606e-08
9.34710e-09
1.45652e-08
1.45084e-08
1.24327e-08
1.18386e-08
1.50188e-08
1.45441e-08
1.31774e-08
1.47942e-08
1.21097e-08
1.10831e-08
1.05864e-08
1.00117e-08
1.22117e-08
1.76020e-08
1.19391e-08
1.30749e-08
1.14868e-08
1.47865e-08
1.15331e-08
1.00566e-08
7.61211e-09
9.29685e-09
8.06178e-09
9.58209e-09
9.70707e-09
8.64560e-09
1.04255e-08
8.69531e-09
1.17000e-08
1.07222e-08
7.49556e-09
9.01698e-09
1.38404e-08
1.92542e-08
8.73501e-09
1.13574e-08
1.25634e-08
1.34871e-08
9.47573e-09
7.57288e-09
7.64970e-09
8.48407e-09
7.83201e-09
7.56567e-09
6.48735e-09
1.11626e-08
9.75311e-09
8.61952e-09
8.50970e-09
1.61171e-08
9.09826e-09
7.52722e-09
6.40922e-09
7.55545e-09
1.59413e-08
1.25716e-08
1.41871e-08
9.83783e-09
6.53067e-09
5.77204e-09
7.42682e-09
7.61120e-09
1.20448e-08
7.87989e-09
6.81074e-09
8.88074e-09
8.01127e-09
1.00669e-08
7.34821e-09
7.87204e-09
7.47862e-09
7.25400e-09
6.42569e-09
7.49775e-09
6.44094e-09
7.11452e-09
7.39510e-09
1.00443e-08
6.97953e-09
5.80220e-09
6.29988e-09
7.89387e-09
1.20483e-08
8.42318e-09
9.05942e-09
7.03841e-09
9.59171e-09
8.30872e-09
7.09315e-09
6.11777e-09
6.88661e-09
7.07411e-09
6.25446e-09
8.36349e-09
6.67933e-09
7.21392e-09
1.16254e-08
7.07019e-09
6.13092e-09
5.75966e-09
5.25171e-09
8.06408e-09
6.93478e-09
6.03402e-09
1.10367e-08
6.42695e-09
6.24468e-09
4.97825e-09
5.26765e-09
6.54685e-09
6.96907e-09
7.16642e-09
6.45855e-09
4.78185e-09
6.58979e-09
9.81818e-09
6.10593e-09
8.56844e-09
5.97438e-09
4.79667e-09
5.31621e-09
5.06427e-09
6.33632e-09
6.32668e-09
5.31425e-09
7.28135e-09
4.92117e-09
5.81833e-09
6.10801e-09
5.78721e-09
6.20715e-09
4.93875e-09
5.42116e-09
5.88946e-09
5.01963e-09
4.90472e-09
4.64010e-09
7.16579e-09
4.65859e-09
3.80939e-09
6.17955e-09
4.74650e-09
7.49201e-09
6.80105e-09
6.14686e-09
9.40064e-09
7.79927e-09
6.55554e-09
5.07900e-09
5.12687e-09
4.56027e-09
5.16700e-09
4.42647e-09
4.96032e-09
4.60558e-09
5.73952e-09
4.00207e-09
4.71005e-09
3.78780e-09
4.73204e-09
4.44987e-09
4.30346e-09
4.33915e-09
6.00923e-09
4.04159e-09
6.03116e-09
4.49290e-09
5.96401e-09
4.13012e-09
5.41684e-09
6.15238e-09
5.35523e-09
5.91418e-09
6.69169e-09
3.80680e-09
5.32691e-09
5.85928e-09
4.49152e-09
4.95589e-09
4.28613e-09
4.23266e-09
4.85343e-09
4.31356e-09
4.49104e-09
3.79854e-09
4.47404e-09
4.65565e-09
3.53997e-09
4.96690e-09
4.94223e-09
3.48813e-09
4.41923e-09
4.06747e-09
6.22651e-09
6.08112e-09
3.65670e-09
4.38054e-09
3.42894e-09
3.55960e-09
3.39163e-09
3.84776e-09
4.15887e-09
3.53924e-09
3.29931e-09
3.74543e-09
4.56969e-09
5.26025e-09
2.92103e-09
2.91116e-09
4.65237e-09
3.54850e-09
3.62812e-09
4.28558e-09
6.16115e-09
4.65421e-09
3.71489e-09
3.04798e-09
3.80683e-09
5.31574e-09
4.92363e-09
3.37162e-09
4.08445e-09
4.08055e-09
3.48755e-09
3.47066e-09
2.98382e-09
3.35303e-09
4.45368e-09
3.59088e-09
3.30755e-09
3.19077e-09
3.01026e-09
3.04206e-09
3.58511e-09
2.79487e-09
4.64327e-09
4.21910e-09
4.77757e-09
3.34255e-09
3.24068e-09
3.36087e-09
4.56118e-09
3.28871e-09
2.82646e-09
3.49267e-09
3.74700e-09
3.10921e-09
3.14585e-09
2.88197e-09
2.65185e-09
3.47136e-09
3.41416e-09
3.27337e-09
3.32646e-09
2.91644e-09
3.89378e-09
3.61048e-09
4.84359e-09
3.07475e-09
3.48437e-09
4.51201e-09
3.00288e-09
2.81061e-09
3.17766e-09
3.21434e-09
5.00234e-09
4.09399e-09
2.65483e-09
2.86309e-09
3.14074e-09
2.68181e-09
3.15757e-09
3.12723e-09
2.83579e-09
4.64186e-09
2.65800e-09
2.29301e-09
2.69021e-09
3.28816e-09
3.15316e-09
2.67801e-09
3.14606e-09
3.15548e-09
2.72536e-09
2.44423e-09
2.58655e-09
3.59831e-09
2.66780e-09
2.44115e-09
2.60018e-09
2.27883e-09
2.50542e-09
2.76695e-09
3.58291e-09
2.62437e-09
3.42038e-09
3.07395e-09
2.70788e-09
2.79329e-09
2.43434e-09
3.31728e-09
2.80753e-09
3.23144e-09
2.31911e-09
2.75156e-09
3.16686e-09
3.08417e-09
2.68352e-09
3.16186e-09
3.26658e-09
2.62563e-09
3.02525e-09
2.28181e-09
2.38848e-09
3.00588e-09
3.52927e-09
2.32733e-09
2.85078e-09
2.51946e-09
2.50224e-09
3.30079e-09
2.33889e-09
2.77086e-09
2.89371e-09
2.01132e-09
2.43699e-09
2.79280e-09
2.56292e-09
2.74357e-09
2.54032e-09
2.00235e-09
2.72306e-09
2.37121e-09
1.87048e-09
2.71533e-09
2.84853e-09
4.11640e-09
2.77755e-09
4.59799e-09
1.93375e-09
2.11044e-09
2.33378e-09
2.64081e-09
2.57441e-09
2.15165e-09
2.50093e-09
2.53608e-09
1.68307e-09
2.85584e-09
2.73005e-09
2.22375e-09
2.63304e-09
2.22770e-09
2.12219e-09
2.34617e-09
2.57578e-09
2.32119e-09
1.94889e-09
2.26388e-09
2.23794e-09
2.70246e-09
2.23155e-09
2.03339e-09
2.70487e-09
2.30071e-09
2.16407e-09
2.40666e-09
2.63270e-09
2.35857e-09
2.15780e-09
2.30723e-09
1.92105e-09
2.24725e-09
2.08890e-09
2.69072e-09
2.35777e-09
2.36699e-09
2.13204e-09
2.15099e-09
1.76162e-09
1.98721e-09
1.91391e-09
2.10229e-09
2.50073e-09
1.91512e-09
2.15063e-09
2.21318e-09
2.27231e-09
2.63920e-09
2.46087e-09
1.78326e-09
1.75921e-09
2.11615e-09
1.90904e-09
2.11268e-09
2.86547e-09
2.49162e-09
2.27654e-09
2.31985e-09
1.72618e-09
1.76360e-09
2.24593e-09
1.96880e-09
1.95880e-09
1.95759e-09
1.99399e-09
2.15217e-09
2.04396e-09
2.22273e-09
2.10544e-09
1.74742e-09
1.89043e-09
2.43214e-09
2.64749e-09
1.90188e-09
1.73297e-09
1.87249e-09
2.62906e-09
1.72828e-09
1.91817e-09
2.04276e-09
2.21846e-09
1.56556e-09
2.46065e-09
1.72119e-09
1.88322e-09
1.75822e-09
1.51944e-09
1.73415e-09
1.68065e-09
1.91065e-09
1.92978e-09
2.05938e-09
1.61081e-09
1.84845e-09
1.76869e-09
1.80915e-09
1.86258e-09
1.55389e-09
2.33088e-09
1.43439e-09
1.91635e-09
1.85803e-09
1.81858e-09
1.98743e-09
2.19021e-09
1.79871e-09
1.62825e-09
1.88916e-09
1.96906e-09
1.88035e-09
2.10453e-09
1.80712e-09
1.64194e-09
1.88023e-09
2.19608e-09
1.80208e-09
1.73122e-09
1.53877e-09
1.47563e-09
1.54417e-09
1.65019e-09
1.90541e-09
1.79378e-09
1.56796e-09
1.73411e-09
1.57390e-09
1.64308e-09
1.75679e-09
1.67555e-09
1.63233e-09
1.51422e-09
1.56613e-09
1.58491e-09
1.62191e-09
1.47451e-09
1.64731e-09
1.88393e-09
1.35907e-09
1.66369e-09
1.54920e-09
1.80529e-09
1.61184e-09
1.59078e-09
1.81329e-09
1.37807e-09
1.82874e-09
1.40685e-09
1.45323e-09
1.76202e-09
1.46060e-09
1.59720e-09
1.77123e-09
1.44418e-09
1.53637e-09
1.44751e-09
1.63266e-09
1.50446e-09
1.70949e-09
1.50950e-09
1.75751e-09
1.59701e-09
1.38635e-09
1.70331e-09
1.49430e-09
1.47625e-09
1.43349e-09
1.61110e-09
1.78782e-09
1.74744e-09
1.50133e-09
1.81029e-09
1.56911e-09
1.61794e-09
1.52209e-09
1.38907e-09
1.35705e-09
1.65890e-09
1.38900e-09
1.27474e-09
2.05784e-09
1.42917e-09
1.28705e-09
1.45733e-09
1.37824e-09
1.44328e-09
1.74460e-09
1.30619e-09
1.32147e-09
1.24199e-09
1.37376e-09
1.52214e-09
1.48713e-09
1.50521e-09
1.70685e-09
1.52514e-09
1.31063e-09
1.41135e-09
1.24115e-09
1.42828e-09
1.30564e-09
1.29659e-09
1.34448e-09
1.36229e-09
1.38265e-09
1.34732e-09
1.47497e-09
1.35464e-09
1.35551e-09
1.41462e-09
1.26842e-09
1.31247e-09
1.50392e-09
1.25750e-09
1.45629e-09
1.26363e-09
1.34768e-09
1.32179e-09
1.21961e-09
1.20650e-09
1.32370e-09
1.26149e-09
1.14317e-09
1.30747e-09
1.43802e-09
1.33303e-09
1.24417e-09
1.29372e-09
1.37744e-09
1.21728e-09
1.24105e-09
1.18777e-09
1.41612e-09
1.21982e-09
1.16352e-09
1.27430e-09
1.31633e-09
1.22640e-09
1.11761e-09
1.46766e-09
1.21080e-09
1.34027e-09
1.27264e-09
1.12902e-09
1.12201e-09
1.27806e-09
1.14156e-09
1.24479e-09
1.12427e-09
1.30299e-09
1.19213e-09
1.21950e-09
1.11348e-09
1.12582e-09
1.23686e-09
1.31266e-09
1.21971e-09
1.19312e-09
1.23617e-09
1.19049e-09
1.11931e-09
1.21867e-09
1.17671e-09
1.21837e-09
1.22165e-09
1.16223e-09
1.19628e-09
1.11079e-09
1.19335e-09
1.31262e-09
1.19315e-09
1.11272e-09
1.16539e-09
1.14440e-09
1.16123e-09
1.14262e-09
1.13210e-09
1.14453e-09
1.25221e-09
1.15382e-09
1.21404e-09
1.16415e-09
1.05894e-09
1.18427e-09
1.11295e-09
1.17433e-09
1.14129e-09
1.08753e-09
1.08015e-09
1.11149e-09
1.14763e-09
1.10835e-09
1.11802e-09
1.20687e-09
1.05168e-09
1.19946e-09
1.08122e-09
1.11352e-09
1.05282e-09
1.09558e-09
1.12610e-09
1.15284e-09
1.16817e-09
1.13124e-09
1.11560e-09
1.08258e-09
1.10757e-09
1.02306e-09
1.05777e-09
1.12773e-09
1.22466e-09
1.22059e-09
1.06901e-09
1.08927e-09
1.08927e-09
1.11585e-09
9.94105e-10
1.11873e-09
1.11416e-09
1.04150e-09
1.09342e-09
1.07446e-09
1.09363e-09
1.11579e-09
1.15017e-09
1.02482e-09
1.09330e-09
1.05667e-09
1.00555e-09
1.05518e-09
1.06839e-09
1.07774e-09
1.05805e-09
1.07643e-09
1.08690e-09
1.09590e-09
1.08153e-09
1.06286e-09
1.02245e-09
1.03509e-09
1.03331e-09
1.01646e-09
1.02588e-09
1.04606e-09
1.00673e-09
1.10085e-09
1.10161e-09
1.00666e-09
1.05338e-09
9.91678e-10
1.08716e-09
1.02557e-09
9.83120e-10
1.02573e-09
9.96356e-10
1.05332e-09
1.02059e-09
1.02001e-09
1.00718e-09
1.01717e-09
1.10303e-09
1.02213e-09
9.85230e-10
1.02480e-09
1.02088e-09
1.01228e-09
1.01281e-09
9.76282e-10
9.79423e-10
9.96366e-10
9.75591e-10
9.83521e-10
9.81126e-10
9.87830e-10
9.82156e-10
9.89183e-10
9.81338e-10
9.83399e-10
9.75650e-10
9.91098e-10
9.81951e-10
9.63241e-10
9.65762e-10
9.84757e-10
9.75875e-10
9.73539e-10
9.97641e-10
9.66277e-10
9.74948e-10
9.82187e-10
9.96880e-10
9.71143e-10
9.81038e-10
1.00310e-09
9.61169e-10
9.49682e-10
9.51777e-10
9.47425e-10
9.65907e-10
9.51781e-10
9.70674e-10
9.62159e-10
9.62272e-10
9.32156e-10
9.41725e-10
9.39930e-10
9.55631e-10
9.56294e-10
9.42962e-10
9.73751e-10
9.66468e-10
9.51158e-10
9.49941e-10
9.46334e-10
9.39014e-10
9.48754e-10
9.56465e-10
9.34776e-10
9.54382e-10
9.37445e-10
9.40001e-10
9.21610e-10
9.38891e-10
9.44145e-10
9.32660e-10
9.29650e-10
9.42903e-10
9.25685e-10
9.51304e-10
9.42781e-10
9.39582e-10
9.24273e-10
9.26975e-10
9.38920e-10
9.23991e-10
9.40887e-10
9.20017e-10
9.30914e-10
9.43277e-10
9.23793e-10
9.25643e-10
9.16153e-10
9.30428e-10
9.30566e-10
9.18617e-10
9.28773e-10
9.27605e-10
9.09888e-10
9.14709e-10
9.14154e-10
9.23271e-10
9.17525e-10
9.18543e-10
9.33159e-10
9.21389e-10
9.11053e-10
9.08862e-10
9.14942e-10
9.15765e-10
9.05634e-10
9.18754e-10
9.19713e-10
9.12720e-10
9.09163e-10
9.09274e-10
9.12973e-10
9.16952e-10
9.14250e-10
9.21534e-10
9.11058e-10
9.08308e-10
9.06845e-10
9.01094e-10
9.04210e-10
9.03201e-10
9.06969e-10
9.13606e-10
9.13909e-10
9.01294e-10
9.10774e-10
9.04868e-10
9.12920e-10
9.11818e-10
9.10469e-10
9.02077e-10
9.04118e-10
9.09220e-10
9.03478e-10
9.04026e-10
8.96739e-10
9.02645e-10
9.01401e-10
9.02247e-10
9.01485e-10
9.01037e-10
8.96607e-10
9.00036e-10
8.99782e-10
9.02519e-10
9.01169e-10
9.05239e-10
8.99149e-10
8.97694e-10
9.01841e-10
9.05376e-10
9.05786e-10
9.00592e-10
8.96705e-10
8.99392e-10
